28
3 4 7 1
3 0 9 2
3 1 11 3
3 2 13 4
3 3 5 0
3 4 15 6
3 5 17 7
3 6 8 0
3 7 19 9
3 8 10 1
3 9 21 11
3 10 12 2
3 11 22 13
3 12 14 3
3 13 24 15
3 14 16 5
3 15 25 17
3 16 18 6
3 17 26 19
3 18 20 8
3 19 27 21
3 20 22 10
3 21 23 12
3 22 27 24
3 23 25 14
3 24 26 16
3 25 27 18
3 26 23 20
8
 3 7 9 12 15 18 20 24
28
3 4 7 1
3 0 9 2
3 1 12 3
3 2 14 4
3 3 5 0
3 4 16 6
3 5 18 7
3 6 8 0
3 7 20 9
3 8 10 1
3 9 21 11
3 10 23 12
3 11 13 2
3 12 24 14
3 13 15 3
3 14 25 16
3 15 17 5
3 16 26 18
3 17 19 6
3 18 27 20
3 19 21 8
3 20 22 10
3 21 27 23
3 22 24 11
3 23 25 13
3 24 26 15
3 25 27 17
3 26 22 19
8
 4 8 9 12 15 18 22 25
