32
3 4 7 1
3 0 9 2
3 1 11 3
3 2 13 4
3 3 5 0
3 4 15 6
3 5 17 7
3 6 8 0
3 7 19 9
3 8 10 1
3 9 21 11
3 10 12 2
3 11 23 13
3 12 14 3
3 13 25 15
3 14 16 5
3 15 26 17
3 16 18 6
3 17 28 19
3 18 20 8
3 19 29 21
3 20 22 10
3 21 30 23
3 22 24 12
3 23 31 25
3 24 26 14
3 25 27 16
3 26 31 28
3 27 29 18
3 28 30 20
3 29 31 22
3 30 27 24
9
 2 4 8 14 17 21 23 27 30
32
3 4 7 1
3 0 9 2
3 1 11 3
3 2 13 4
3 3 5 0
3 4 15 6
3 5 18 7
3 6 8 0
3 7 19 9
3 8 10 1
3 9 21 11
3 10 12 2
3 11 23 13
3 12 14 3
3 13 25 15
3 14 16 5
3 15 26 17
3 16 28 18
3 17 19 6
3 18 20 8
3 19 29 21
3 20 22 10
3 21 30 23
3 22 24 12
3 23 31 25
3 24 26 14
3 25 27 16
3 26 31 28
3 27 29 17
3 28 30 20
3 29 31 22
3 30 27 24
10
 5 7 9 11 13 19 22 24 26 28
32
3 4 7 1
3 0 9 2
3 1 11 3
3 2 13 4
3 3 5 0
3 4 15 6
3 5 18 7
3 6 8 0
3 7 20 9
3 8 10 1
3 9 21 11
3 10 12 2
3 11 23 13
3 12 14 3
3 13 25 15
3 14 16 5
3 15 26 17
3 16 28 18
3 17 19 6
3 18 29 20
3 19 21 8
3 20 22 10
3 21 30 23
3 22 24 12
3 23 31 25
3 24 26 14
3 25 27 16
3 26 31 28
3 27 29 17
3 28 30 19
3 29 31 22
3 30 27 24
10
 5 7 9 11 13 19 22 24 26 28
32
3 4 7 1
3 0 9 2
3 1 11 3
3 2 14 4
3 3 5 0
3 4 16 6
3 5 18 7
3 6 8 0
3 7 20 9
3 8 10 1
3 9 22 11
3 10 12 2
3 11 23 13
3 12 25 14
3 13 15 3
3 14 26 16
3 15 17 5
3 16 28 18
3 17 19 6
3 18 29 20
3 19 21 8
3 20 30 22
3 21 23 10
3 22 24 12
3 23 31 25
3 24 26 13
3 25 27 15
3 26 31 28
3 27 29 17
3 28 30 19
3 29 31 21
3 30 27 24
9
 3 7 9 12 16 19 21 25 27
32
3 4 7 1
3 0 9 2
3 1 11 3
3 2 14 4
3 3 5 0
3 4 16 6
3 5 18 7
3 6 8 0
3 7 20 9
3 8 10 1
3 9 22 11
3 10 12 2
3 11 23 13
3 12 25 14
3 13 15 3
3 14 27 16
3 15 17 5
3 16 28 18
3 17 19 6
3 18 29 20
3 19 21 8
3 20 31 22
3 21 23 10
3 22 24 12
3 23 31 25
3 24 26 13
3 25 30 27
3 26 28 15
3 27 29 17
3 28 30 19
3 29 26 31
3 30 24 21
10
 5 7 9 11 14 19 22 25 28 30
32
3 4 7 1
3 0 9 2
3 1 12 3
3 2 14 4
3 3 5 0
3 4 16 6
3 5 18 7
3 6 8 0
3 7 20 9
3 8 10 1
3 9 21 11
3 10 23 12
3 11 13 2
3 12 25 14
3 13 15 3
3 14 26 16
3 15 17 5
3 16 28 18
3 17 19 6
3 18 29 20
3 19 21 8
3 20 22 10
3 21 30 23
3 22 24 11
3 23 31 25
3 24 26 13
3 25 27 15
3 26 31 28
3 27 29 17
3 28 30 19
3 29 31 22
3 30 27 24
9
 4 8 9 12 15 18 22 24 28
