34
3 4 7 1
3 0 9 2
3 1 11 3
3 2 13 4
3 3 5 0
3 4 15 6
3 5 17 7
3 6 8 0
3 7 19 9
3 8 10 1
3 9 21 11
3 10 12 2
3 11 23 13
3 12 14 3
3 13 25 15
3 14 16 5
3 15 27 17
3 16 18 6
3 17 28 19
3 18 20 8
3 19 30 21
3 20 22 10
3 21 31 23
3 22 24 12
3 23 32 25
3 24 26 14
3 25 33 27
3 26 28 16
3 27 29 18
3 28 33 30
3 29 31 20
3 30 32 22
3 31 33 24
3 32 29 26
10
 4 8 9 11 14 17 22 27 30 32
34
3 4 7 1
3 0 9 2
3 1 11 3
3 2 13 4
3 3 5 0
3 4 15 6
3 5 18 7
3 6 8 0
3 7 20 9
3 8 10 1
3 9 22 11
3 10 12 2
3 11 24 13
3 12 14 3
3 13 26 15
3 14 16 5
3 15 27 17
3 16 29 18
3 17 19 6
3 18 30 20
3 19 21 8
3 20 31 22
3 21 23 10
3 22 32 24
3 23 25 12
3 24 33 26
3 25 27 14
3 26 28 16
3 27 33 29
3 28 30 17
3 29 31 19
3 30 32 21
3 31 33 23
3 32 28 25
10
 3 7 9 12 15 19 22 26 29 32
34
3 4 7 1
3 0 9 2
3 1 11 3
3 2 14 4
3 3 5 0
3 4 16 6
3 5 18 7
3 6 8 0
3 7 20 9
3 8 10 1
3 9 22 11
3 10 12 2
3 11 23 13
3 12 25 14
3 13 15 3
3 14 27 16
3 15 17 5
3 16 28 18
3 17 19 6
3 18 30 20
3 19 21 8
3 20 31 22
3 21 23 10
3 22 24 12
3 23 32 25
3 24 26 13
3 25 33 27
3 26 28 15
3 27 29 17
3 28 33 30
3 29 31 19
3 30 32 21
3 31 33 24
3 32 29 26
10
 5 7 9 11 14 19 23 26 28 31
34
3 4 7 1
3 0 9 2
3 1 11 3
3 2 14 4
3 3 5 0
3 4 16 6
3 5 18 7
3 6 8 0
3 7 20 9
3 8 10 1
3 9 22 11
3 10 12 2
3 11 24 13
3 12 26 14
3 13 15 3
3 14 27 16
3 15 17 5
3 16 28 18
3 17 19 6
3 18 30 20
3 19 21 8
3 20 31 22
3 21 23 10
3 22 32 24
3 23 25 12
3 24 33 26
3 25 27 13
3 26 28 15
3 27 29 17
3 28 33 30
3 29 31 19
3 30 32 21
3 31 33 23
3 32 29 25
10
 5 7 9 11 14 19 23 25 28 31
34
3 4 7 1
3 0 9 2
3 1 12 3
3 2 14 4
3 3 5 0
3 4 16 6
3 5 18 7
3 6 8 0
3 7 20 9
3 8 10 1
3 9 22 11
3 10 24 12
3 11 13 2
3 12 25 14
3 13 15 3
3 14 27 16
3 15 17 5
3 16 28 18
3 17 19 6
3 18 30 20
3 19 21 8
3 20 31 22
3 21 23 10
3 22 32 24
3 23 25 11
3 24 26 13
3 25 33 27
3 26 28 15
3 27 29 17
3 28 33 30
3 29 31 19
3 30 32 21
3 31 33 23
3 32 29 26
10
 5 7 9 12 14 19 23 26 28 31
34
3 4 7 1
3 0 9 2
3 1 12 3
3 2 14 4
3 3 5 0
3 4 16 6
3 5 18 7
3 6 8 0
3 7 20 9
3 8 10 1
3 9 22 11
3 10 24 12
3 11 13 2
3 12 25 14
3 13 15 3
3 14 27 16
3 15 17 5
3 16 29 18
3 17 19 6
3 18 30 20
3 19 21 8
3 20 31 22
3 21 23 10
3 22 33 24
3 23 25 11
3 24 26 13
3 25 33 27
3 26 28 15
3 27 32 29
3 28 30 17
3 29 31 19
3 30 32 21
3 31 28 33
3 32 26 23
10
 5 7 9 12 14 19 23 26 29 31
