36
 3  4  7  1 
 3  0  9  2 
 3  1 11  3 
 3  2 13  4 
 3  3  5  0 
 3  4 15  6 
 3  5 17  7 
 3  6  8  0 
 3  7 19  9 
 3  8 10  1 
 3  9 21 11 
 3 10 12  2 
 3 11 23 13 
 3 12 14  3 
 3 13 25 15 
 3 14 16  5 
 3 15 27 17 
 3 16 18  6 
 3 17 29 19 
 3 18 20  8 
 3 19 30 21 
 3 20 22 10 
 3 21 32 23 
 3 22 24 12 
 3 23 33 25 
 3 24 26 14 
 3 25 34 27 
 3 26 28 16 
 3 27 35 29 
 3 28 30 18 
 3 29 31 20 
 3 30 35 32 
 3 31 33 22 
 3 32 34 24 
 3 33 35 26 
 3 34 31 28 

36
 3  4  7  1 
 3  0  9  2 
 3  1 11  3 
 3  2 13  4 
 3  3  5  0 
 3  4 15  6 
 3  5 18  7 
 3  6  8  0 
 3  7 19  9 
 3  8 10  1 
 3  9 21 11 
 3 10 12  2 
 3 11 23 13 
 3 12 14  3 
 3 13 25 15 
 3 14 16  5 
 3 15 27 17 
 3 16 29 18 
 3 17 19  6 
 3 18 20  8 
 3 19 30 21 
 3 20 22 10 
 3 21 32 23 
 3 22 24 12 
 3 23 33 25 
 3 24 26 14 
 3 25 34 27 
 3 26 28 16 
 3 27 35 29 
 3 28 30 17 
 3 29 31 20 
 3 30 35 32 
 3 31 33 22 
 3 32 34 24 
 3 33 35 26 
 3 34 31 28 

36
 3  4  7  1 
 3  0  9  2 
 3  1 11  3 
 3  2 13  4 
 3  3  5  0 
 3  4 15  6 
 3  5 18  7 
 3  6  8  0 
 3  7 20  9 
 3  8 10  1 
 3  9 22 11 
 3 10 12  2 
 3 11 24 13 
 3 12 14  3 
 3 13 26 15 
 3 14 16  5 
 3 15 27 17 
 3 16 29 18 
 3 17 19  6 
 3 18 30 20 
 3 19 21  8 
 3 20 32 22 
 3 21 23 10 
 3 22 33 24 
 3 23 25 12 
 3 24 34 26 
 3 25 27 14 
 3 26 28 16 
 3 27 35 29 
 3 28 30 17 
 3 29 31 19 
 3 30 35 32 
 3 31 33 21 
 3 32 34 23 
 3 33 35 25 
 3 34 31 28 

36
 3  4  7  1 
 3  0  9  2 
 3  1 11  3 
 3  2 13  4 
 3  3  5  0 
 3  4 15  6 
 3  5 18  7 
 3  6  8  0 
 3  7 20  9 
 3  8 10  1 
 3  9 22 11 
 3 10 12  2 
 3 11 24 13 
 3 12 14  3 
 3 13 26 15 
 3 14 16  5 
 3 15 27 17 
 3 16 29 18 
 3 17 19  6 
 3 18 31 20 
 3 19 21  8 
 3 20 32 22 
 3 21 23 10 
 3 22 33 24 
 3 23 25 12 
 3 24 35 26 
 3 25 27 14 
 3 26 28 16 
 3 27 35 29 
 3 28 30 17 
 3 29 34 31 
 3 30 32 19 
 3 31 33 21 
 3 32 34 23 
 3 33 30 35 
 3 34 28 25 

36
 3  4  7  1 
 3  0  9  2 
 3  1 11  3 
 3  2 14  4 
 3  3  5  0 
 3  4 16  6 
 3  5 18  7 
 3  6  8  0 
 3  7 20  9 
 3  8 10  1 
 3  9 22 11 
 3 10 12  2 
 3 11 23 13 
 3 12 25 14 
 3 13 15  3 
 3 14 27 16 
 3 15 17  5 
 3 16 29 18 
 3 17 19  6 
 3 18 30 20 
 3 19 21  8 
 3 20 32 22 
 3 21 23 10 
 3 22 24 12 
 3 23 33 25 
 3 24 26 13 
 3 25 34 27 
 3 26 28 15 
 3 27 35 29 
 3 28 30 17 
 3 29 31 19 
 3 30 35 32 
 3 31 33 21 
 3 32 34 24 
 3 33 35 26 
 3 34 31 28 

36
 3  4  7  1 
 3  0  9  2 
 3  1 11  3 
 3  2 14  4 
 3  3  5  0 
 3  4 16  6 
 3  5 18  7 
 3  6  8  0 
 3  7 20  9 
 3  8 10  1 
 3  9 22 11 
 3 10 12  2 
 3 11 23 13 
 3 12 26 14 
 3 13 15  3 
 3 14 27 16 
 3 15 17  5 
 3 16 29 18 
 3 17 19  6 
 3 18 31 20 
 3 19 21  8 
 3 20 32 22 
 3 21 23 10 
 3 22 24 12 
 3 23 33 25 
 3 24 35 26 
 3 25 27 13 
 3 26 28 15 
 3 27 35 29 
 3 28 30 17 
 3 29 34 31 
 3 30 32 19 
 3 31 33 21 
 3 32 34 24 
 3 33 30 35 
 3 34 28 25 

36
 3  4  7  1 
 3  0  9  2 
 3  1 11  3 
 3  2 14  4 
 3  3  5  0 
 3  4 16  6 
 3  5 18  7 
 3  6  8  0 
 3  7 20  9 
 3  8 10  1 
 3  9 22 11 
 3 10 12  2 
 3 11 24 13 
 3 12 26 14 
 3 13 15  3 
 3 14 27 16 
 3 15 17  5 
 3 16 29 18 
 3 17 19  6 
 3 18 30 20 
 3 19 21  8 
 3 20 32 22 
 3 21 23 10 
 3 22 33 24 
 3 23 25 12 
 3 24 34 26 
 3 25 27 13 
 3 26 28 15 
 3 27 35 29 
 3 28 30 17 
 3 29 31 19 
 3 30 35 32 
 3 31 33 21 
 3 32 34 23 
 3 33 35 25 
 3 34 31 28 

36
 3  4  7  1 
 3  0  9  2 
 3  1 11  3 
 3  2 14  4 
 3  3  5  0 
 3  4 16  6 
 3  5 18  7 
 3  6  8  0 
 3  7 20  9 
 3  8 10  1 
 3  9 22 11 
 3 10 12  2 
 3 11 24 13 
 3 12 26 14 
 3 13 15  3 
 3 14 27 16 
 3 15 17  5 
 3 16 29 18 
 3 17 19  6 
 3 18 31 20 
 3 19 21  8 
 3 20 32 22 
 3 21 23 10 
 3 22 33 24 
 3 23 25 12 
 3 24 35 26 
 3 25 27 13 
 3 26 28 15 
 3 27 35 29 
 3 28 30 17 
 3 29 34 31 
 3 30 32 19 
 3 31 33 21 
 3 32 34 23 
 3 33 30 35 
 3 34 28 25 

36
 3  4  7  1 
 3  0  9  2 
 3  1 11  3 
 3  2 14  4 
 3  3  5  0 
 3  4 16  6 
 3  5 19  7 
 3  6  8  0 
 3  7 21  9 
 3  8 10  1 
 3  9 23 11 
 3 10 12  2 
 3 11 25 13 
 3 12 27 14 
 3 13 15  3 
 3 14 28 16 
 3 15 17  5 
 3 16 29 18 
 3 17 31 19 
 3 18 20  6 
 3 19 32 21 
 3 20 22  8 
 3 21 33 23 
 3 22 24 10 
 3 23 34 25 
 3 24 26 12 
 3 25 35 27 
 3 26 28 13 
 3 27 29 15 
 3 28 30 17 
 3 29 35 31 
 3 30 32 18 
 3 31 33 20 
 3 32 34 22 
 3 33 35 24 
 3 34 30 26 

36
 3  4  7  1 
 3  0  9  2 
 3  1 12  3 
 3  2 14  4 
 3  3  5  0 
 3  4 16  6 
 3  5 18  7 
 3  6  8  0 
 3  7 20  9 
 3  8 10  1 
 3  9 22 11 
 3 10 24 12 
 3 11 13  2 
 3 12 25 14 
 3 13 15  3 
 3 14 27 16 
 3 15 17  5 
 3 16 29 18 
 3 17 19  6 
 3 18 30 20 
 3 19 21  8 
 3 20 32 22 
 3 21 23 10 
 3 22 33 24 
 3 23 25 11 
 3 24 26 13 
 3 25 34 27 
 3 26 28 15 
 3 27 35 29 
 3 28 30 17 
 3 29 31 19 
 3 30 35 32 
 3 31 33 21 
 3 32 34 23 
 3 33 35 26 
 3 34 31 28 

36
 3  4  7  1 
 3  0  9  2 
 3  1 12  3 
 3  2 14  4 
 3  3  5  0 
 3  4 16  6 
 3  5 18  7 
 3  6  8  0 
 3  7 20  9 
 3  8 10  1 
 3  9 22 11 
 3 10 24 12 
 3 11 13  2 
 3 12 26 14 
 3 13 15  3 
 3 14 27 16 
 3 15 17  5 
 3 16 29 18 
 3 17 19  6 
 3 18 31 20 
 3 19 21  8 
 3 20 32 22 
 3 21 23 10 
 3 22 33 24 
 3 23 25 11 
 3 24 35 26 
 3 25 27 13 
 3 26 28 15 
 3 27 35 29 
 3 28 30 17 
 3 29 34 31 
 3 30 32 19 
 3 31 33 21 
 3 32 34 23 
 3 33 30 35 
 3 34 28 25 

36
 3  4  7  1 
 3  0  9  2 
 3  1 12  3 
 3  2 14  4 
 3  3  5  0 
 3  4 16  6 
 3  5 19  7 
 3  6  8  0 
 3  7 21  9 
 3  8 10  1 
 3  9 23 11 
 3 10 25 12 
 3 11 13  2 
 3 12 26 14 
 3 13 15  3 
 3 14 28 16 
 3 15 17  5 
 3 16 29 18 
 3 17 31 19 
 3 18 20  6 
 3 19 32 21 
 3 20 22  8 
 3 21 33 23 
 3 22 24 10 
 3 23 34 25 
 3 24 26 11 
 3 25 27 13 
 3 26 35 28 
 3 27 29 15 
 3 28 30 17 
 3 29 35 31 
 3 30 32 18 
 3 31 33 20 
 3 32 34 22 
 3 33 35 24 
 3 34 30 27 

36
 3  4  7  1 
 3  0  9  2 
 3  1 12  3 
 3  2 15  4 
 3  3  5  0 
 3  4 16  6 
 3  5 19  7 
 3  6  8  0 
 3  7 21  9 
 3  8 10  1 
 3  9 23 11 
 3 10 25 12 
 3 11 13  2 
 3 12 26 14 
 3 13 28 15 
 3 14 16  3 
 3 15 17  5 
 3 16 29 18 
 3 17 31 19 
 3 18 20  6 
 3 19 32 21 
 3 20 22  8 
 3 21 33 23 
 3 22 24 10 
 3 23 35 25 
 3 24 26 11 
 3 25 27 13 
 3 26 35 28 
 3 27 29 14 
 3 28 30 17 
 3 29 34 31 
 3 30 32 18 
 3 31 33 20 
 3 32 34 22 
 3 33 30 35 
 3 34 27 24 

36
 3  4  7  1 
 3  0 10  2 
 3  1 12  3 
 3  2 15  4 
 3  3  5  0 
 3  4 17  6 
 3  5 19  7 
 3  6  8  0 
 3  7 21  9 
 3  8 23 10 
 3  9 11  1 
 3 10 24 12 
 3 11 13  2 
 3 12 26 14 
 3 13 28 15 
 3 14 16  3 
 3 15 29 17 
 3 16 18  5 
 3 17 30 19 
 3 18 20  6 
 3 19 32 21 
 3 20 22  8 
 3 21 33 23 
 3 22 24  9 
 3 23 25 11 
 3 24 34 26 
 3 25 27 13 
 3 26 35 28 
 3 27 29 14 
 3 28 30 16 
 3 29 31 18 
 3 30 35 32 
 3 31 33 20 
 3 32 34 22 
 3 33 35 25 
 3 34 31 27 

36
 3  4  7  1 
 3  0 10  2 
 3  1 12  3 
 3  2 15  4 
 3  3  5  0 
 3  4 17  6 
 3  5 20  7 
 3  6  8  0 
 3  7 21  9 
 3  8 23 10 
 3  9 11  1 
 3 10 24 12 
 3 11 13  2 
 3 12 26 14 
 3 13 28 15 
 3 14 16  3 
 3 15 29 17 
 3 16 18  5 
 3 17 30 19 
 3 18 32 20 
 3 19 21  6 
 3 20 22  8 
 3 21 33 23 
 3 22 24  9 
 3 23 25 11 
 3 24 34 26 
 3 25 27 13 
 3 26 35 28 
 3 27 29 14 
 3 28 30 16 
 3 29 31 18 
 3 30 35 32 
 3 31 33 19 
 3 32 34 22 
 3 33 35 25 
 3 34 31 27 

