38
3 4 7 1
3 0 9 2
3 1 11 3
3 2 13 4
3 3 5 0
3 4 15 6
3 5 17 7
3 6 8 0
3 7 19 9
3 8 10 1
3 9 21 11
3 10 12 2
3 11 23 13
3 12 14 3
3 13 25 15
3 14 16 5
3 15 27 17
3 16 18 6
3 17 29 19
3 18 20 8
3 19 31 21
3 20 22 10
3 21 32 23
3 22 24 12
3 23 34 25
3 24 26 14
3 25 35 27
3 26 28 16
3 27 36 29
3 28 30 18
3 29 37 31
3 30 32 20
3 31 33 22
3 32 37 34
3 33 35 24
3 34 36 26
3 35 37 28
3 36 33 30
11
 4 7 9 11 14 18 22 27 31 34 36
38
3 4 7 1
3 0 9 2
3 1 11 3
3 2 13 4
3 3 5 0
3 4 15 6
3 5 18 7
3 6 8 0
3 7 20 9
3 8 10 1
3 9 21 11
3 10 12 2
3 11 23 13
3 12 14 3
3 13 25 15
3 14 16 5
3 15 27 17
3 16 29 18
3 17 19 6
3 18 31 20
3 19 21 8
3 20 22 10
3 21 32 23
3 22 24 12
3 23 34 25
3 24 26 14
3 25 35 27
3 26 28 16
3 27 36 29
3 28 30 17
3 29 37 31
3 30 32 19
3 31 33 22
3 32 37 34
3 33 35 24
3 34 36 26
3 35 37 28
3 36 33 30
11
 4 8 9 11 14 18 22 27 30 34 36
38
3 4 7 1
3 0 9 2
3 1 11 3
3 2 13 4
3 3 5 0
3 4 15 6
3 5 18 7
3 6 8 0
3 7 20 9
3 8 10 1
3 9 22 11
3 10 12 2
3 11 24 13
3 12 14 3
3 13 26 15
3 14 16 5
3 15 27 17
3 16 29 18
3 17 19 6
3 18 31 20
3 19 21 8
3 20 32 22
3 21 23 10
3 22 34 24
3 23 25 12
3 24 35 26
3 25 27 14
3 26 28 16
3 27 36 29
3 28 30 17
3 29 37 31
3 30 32 19
3 31 33 21
3 32 37 34
3 33 35 23
3 34 36 25
3 35 37 28
3 36 33 30
11
 4 8 9 11 14 18 23 27 30 32 35
38
3 4 7 1
3 0 9 2
3 1 11 3
3 2 13 4
3 3 5 0
3 4 15 6
3 5 18 7
3 6 8 0
3 7 20 9
3 8 10 1
3 9 22 11
3 10 12 2
3 11 24 13
3 12 14 3
3 13 26 15
3 14 16 5
3 15 28 17
3 16 30 18
3 17 19 6
3 18 31 20
3 19 21 8
3 20 32 22
3 21 23 10
3 22 34 24
3 23 25 12
3 24 35 26
3 25 27 14
3 26 36 28
3 27 29 16
3 28 37 30
3 29 31 17
3 30 32 19
3 31 33 21
3 32 37 34
3 33 35 23
3 34 36 25
3 35 37 27
3 36 33 29
11
 4 8 9 11 14 18 23 28 29 32 35
38
3 4 7 1
3 0 9 2
3 1 11 3
3 2 14 4
3 3 5 0
3 4 16 6
3 5 18 7
3 6 8 0
3 7 20 9
3 8 10 1
3 9 22 11
3 10 12 2
3 11 24 13
3 12 26 14
3 13 15 3
3 14 27 16
3 15 17 5
3 16 29 18
3 17 19 6
3 18 31 20
3 19 21 8
3 20 32 22
3 21 23 10
3 22 34 24
3 23 25 12
3 24 35 26
3 25 27 13
3 26 28 15
3 27 36 29
3 28 30 17
3 29 37 31
3 30 32 19
3 31 33 21
3 32 37 34
3 33 35 23
3 34 36 25
3 35 37 28
3 36 33 30
11
 5 7 9 11 14 19 23 26 29 32 36
38
3 4 7 1
3 0 9 2
3 1 11 3
3 2 14 4
3 3 5 0
3 4 16 6
3 5 18 7
3 6 8 0
3 7 20 9
3 8 10 1
3 9 22 11
3 10 12 2
3 11 24 13
3 12 26 14
3 13 15 3
3 14 28 16
3 15 17 5
3 16 29 18
3 17 19 6
3 18 31 20
3 19 21 8
3 20 32 22
3 21 23 10
3 22 34 24
3 23 25 12
3 24 35 26
3 25 27 13
3 26 36 28
3 27 29 15
3 28 30 17
3 29 37 31
3 30 32 19
3 31 33 21
3 32 37 34
3 33 35 23
3 34 36 25
3 35 37 27
3 36 33 30
11
 5 7 9 11 14 19 23 26 29 32 36
38
3 4 7 1
3 0 9 2
3 1 11 3
3 2 14 4
3 3 5 0
3 4 16 6
3 5 18 7
3 6 8 0
3 7 20 9
3 8 10 1
3 9 22 11
3 10 12 2
3 11 24 13
3 12 26 14
3 13 15 3
3 14 28 16
3 15 17 5
3 16 29 18
3 17 19 6
3 18 31 20
3 19 21 8
3 20 33 22
3 21 23 10
3 22 34 24
3 23 25 12
3 24 35 26
3 25 27 13
3 26 37 28
3 27 29 15
3 28 30 17
3 29 37 31
3 30 32 19
3 31 36 33
3 32 34 21
3 33 35 23
3 34 36 25
3 35 32 37
3 36 30 27
11
 5 7 9 11 14 19 23 27 29 33 35
38
3 4 7 1
3 0 9 2
3 1 11 3
3 2 14 4
3 3 5 0
3 4 16 6
3 5 19 7
3 6 8 0
3 7 21 9
3 8 10 1
3 9 23 11
3 10 12 2
3 11 25 13
3 12 27 14
3 13 15 3
3 14 28 16
3 15 17 5
3 16 29 18
3 17 31 19
3 18 20 6
3 19 33 21
3 20 22 8
3 21 34 23
3 22 24 10
3 23 35 25
3 24 26 12
3 25 37 27
3 26 28 13
3 27 29 15
3 28 30 17
3 29 37 31
3 30 32 18
3 31 36 33
3 32 34 20
3 33 35 22
3 34 36 24
3 35 32 37
3 36 30 26
11
 5 7 9 11 14 20 23 26 29 31 35
38
3 4 7 1
3 0 9 2
3 1 11 3
3 2 14 4
3 3 5 0
3 4 16 6
3 5 19 7
3 6 8 0
3 7 21 9
3 8 10 1
3 9 23 11
3 10 12 2
3 11 25 13
3 12 27 14
3 13 15 3
3 14 28 16
3 15 17 5
3 16 30 18
3 17 32 19
3 18 20 6
3 19 33 21
3 20 22 8
3 21 34 23
3 22 24 10
3 23 36 25
3 24 26 12
3 25 37 27
3 26 28 13
3 27 29 15
3 28 37 30
3 29 31 17
3 30 35 32
3 31 33 18
3 32 34 20
3 33 35 22
3 34 31 36
3 35 37 24
3 36 29 26
11
 5 7 9 11 14 18 20 23 26 29 35
38
3 4 7 1
3 0 9 2
3 1 12 3
3 2 14 4
3 3 5 0
3 4 16 6
3 5 18 7
3 6 8 0
3 7 20 9
3 8 10 1
3 9 22 11
3 10 24 12
3 11 13 2
3 12 26 14
3 13 15 3
3 14 27 16
3 15 17 5
3 16 29 18
3 17 19 6
3 18 31 20
3 19 21 8
3 20 32 22
3 21 23 10
3 22 34 24
3 23 25 11
3 24 35 26
3 25 27 13
3 26 28 15
3 27 36 29
3 28 30 17
3 29 37 31
3 30 32 19
3 31 33 21
3 32 37 34
3 33 35 23
3 34 36 25
3 35 37 28
3 36 33 30
11
 5 7 9 12 14 19 23 26 29 32 36
38
3 4 7 1
3 0 9 2
3 1 12 3
3 2 14 4
3 3 5 0
3 4 16 6
3 5 18 7
3 6 8 0
3 7 20 9
3 8 10 1
3 9 22 11
3 10 24 12
3 11 13 2
3 12 26 14
3 13 15 3
3 14 28 16
3 15 17 5
3 16 30 18
3 17 19 6
3 18 31 20
3 19 21 8
3 20 33 22
3 21 23 10
3 22 34 24
3 23 25 11
3 24 35 26
3 25 27 13
3 26 36 28
3 27 29 15
3 28 37 30
3 29 31 17
3 30 32 19
3 31 37 33
3 32 34 21
3 33 35 23
3 34 36 25
3 35 37 27
3 36 32 29
11
 4 8 9 12 15 18 23 26 30 33 36
38
3 4 7 1
3 0 9 2
3 1 12 3
3 2 14 4
3 3 5 0
3 4 16 6
3 5 18 7
3 6 8 0
3 7 20 9
3 8 10 1
3 9 22 11
3 10 25 12
3 11 13 2
3 12 26 14
3 13 15 3
3 14 28 16
3 15 17 5
3 16 30 18
3 17 19 6
3 18 31 20
3 19 21 8
3 20 33 22
3 21 23 10
3 22 34 24
3 23 36 25
3 24 26 11
3 25 27 13
3 26 36 28
3 27 29 15
3 28 37 30
3 29 31 17
3 30 32 19
3 31 37 33
3 32 34 21
3 33 35 23
3 34 37 36
3 35 27 24
3 35 32 29
11
 4 8 9 12 15 18 23 26 30 33 35
38
3 4 7 1
3 0 9 2
3 1 12 3
3 2 14 4
3 3 5 0
3 4 16 6
3 5 19 7
3 6 8 0
3 7 21 9
3 8 10 1
3 9 23 11
3 10 25 12
3 11 13 2
3 12 26 14
3 13 15 3
3 14 28 16
3 15 17 5
3 16 29 18
3 17 32 19
3 18 20 6
3 19 33 21
3 20 22 8
3 21 34 23
3 22 24 10
3 23 36 25
3 24 26 11
3 25 27 13
3 26 37 28
3 27 29 15
3 28 30 17
3 29 37 31
3 30 35 32
3 31 33 18
3 32 34 20
3 33 35 22
3 34 31 36
3 35 37 24
3 36 30 27
11
 5 7 9 12 14 20 24 27 29 32 34
38
3 4 7 1
3 0 9 2
3 1 12 3
3 2 14 4
3 3 5 0
3 4 16 6
3 5 19 7
3 6 8 0
3 7 21 9
3 8 10 1
3 9 23 11
3 10 25 12
3 11 13 2
3 12 27 14
3 13 15 3
3 14 28 16
3 15 17 5
3 16 30 18
3 17 32 19
3 18 20 6
3 19 33 21
3 20 22 8
3 21 34 23
3 22 24 10
3 23 35 25
3 24 26 11
3 25 37 27
3 26 28 13
3 27 29 15
3 28 37 30
3 29 31 17
3 30 36 32
3 31 33 18
3 32 34 20
3 33 35 22
3 34 36 24
3 35 31 37
3 36 29 26
11
 4 8 9 12 15 19 24 26 30 31 34
38
3 4 7 1
3 0 9 2
3 1 12 3
3 2 14 4
3 3 5 0
3 4 16 6
3 5 19 7
3 6 8 0
3 7 21 9
3 8 10 1
3 9 23 11
3 10 26 12
3 11 13 2
3 12 27 14
3 13 15 3
3 14 28 16
3 15 17 5
3 16 30 18
3 17 32 19
3 18 20 6
3 19 33 21
3 20 22 8
3 21 34 23
3 22 24 10
3 23 35 25
3 24 37 26
3 25 27 11
3 26 28 13
3 27 29 15
3 28 37 30
3 29 31 17
3 30 36 32
3 31 33 18
3 32 34 20
3 33 35 22
3 34 36 24
3 35 31 37
3 36 29 25
11
 4 8 9 12 15 19 23 26 30 33 36
38
3 4 7 1
3 0 9 2
3 1 12 3
3 2 15 4
3 3 5 0
3 4 17 6
3 5 20 7
3 6 8 0
3 7 22 9
3 8 10 1
3 9 24 11
3 10 26 12
3 11 13 2
3 12 27 14
3 13 29 15
3 14 16 3
3 15 30 17
3 16 18 5
3 17 31 19
3 18 33 20
3 19 21 6
3 20 34 22
3 21 23 8
3 22 35 24
3 23 25 10
3 24 36 26
3 25 27 11
3 26 28 13
3 27 37 29
3 28 30 14
3 29 31 16
3 30 32 18
3 31 37 33
3 32 34 19
3 33 35 21
3 34 36 23
3 35 37 25
3 36 32 28
11
 5 7 9 12 15 21 25 28 31 33 35
38
3 4 7 1
3 0 10 2
3 1 12 3
3 2 15 4
3 3 5 0
3 4 17 6
3 5 19 7
3 6 8 0
3 7 21 9
3 8 23 10
3 9 11 1
3 10 24 12
3 11 13 2
3 12 26 14
3 13 28 15
3 14 16 3
3 15 29 17
3 16 18 5
3 17 31 19
3 18 20 6
3 19 32 21
3 20 22 8
3 21 34 23
3 22 24 9
3 23 25 11
3 24 35 26
3 25 27 13
3 26 36 28
3 27 29 14
3 28 30 16
3 29 37 31
3 30 32 18
3 31 33 20
3 32 37 34
3 33 35 22
3 34 36 25
3 35 37 27
3 36 33 30
10
 3 7 10 13 17 20 24 27 30 34
