40
 3  4  7  1 
 3  0  9  2 
 3  1 11  3 
 3  2 13  4 
 3  3  5  0 
 3  4 14  6 
 3  5 17  7 
 3  6  8  0 
 3  7 19  9 
 3  8 10  1 
 3  9 21 11 
 3 10 12  2 
 3 11 23 13 
 3 12 14  3 
 3 13 15  5 
 3 14 24 16 
 3 15 27 17 
 3 16 18  6 
 3 17 29 19 
 3 18 20  8 
 3 19 31 21 
 3 20 22 10 
 3 21 33 23 
 3 22 24 12 
 3 23 25 15 
 3 24 34 26 
 3 25 36 27 
 3 26 28 16 
 3 27 37 29 
 3 28 30 18 
 3 29 38 31 
 3 30 32 20 
 3 31 39 33 
 3 32 34 22 
 3 33 35 25 
 3 34 39 36 
 3 35 37 26 
 3 36 38 28 
 3 37 39 30 
 3 38 35 32 

40
 3  4  7  1 
 3  0  9  2 
 3  1 11  3 
 3  2 13  4 
 3  3  5  0 
 3  4 15  6 
 3  5 17  7 
 3  6  8  0 
 3  7 19  9 
 3  8 10  1 
 3  9 21 11 
 3 10 12  2 
 3 11 23 13 
 3 12 14  3 
 3 13 25 15 
 3 14 16  5 
 3 15 27 17 
 3 16 18  6 
 3 17 29 19 
 3 18 20  8 
 3 19 31 21 
 3 20 22 10 
 3 21 33 23 
 3 22 24 12 
 3 23 34 25 
 3 24 26 14 
 3 25 36 27 
 3 26 28 16 
 3 27 37 29 
 3 28 30 18 
 3 29 38 31 
 3 30 32 20 
 3 31 39 33 
 3 32 34 22 
 3 33 35 24 
 3 34 39 36 
 3 35 37 26 
 3 36 38 28 
 3 37 39 30 
 3 38 35 32 

40
 3  4  7  1 
 3  0  9  2 
 3  1 11  3 
 3  2 13  4 
 3  3  5  0 
 3  4 15  6 
 3  5 18  7 
 3  6  8  0 
 3  7 19  9 
 3  8 10  1 
 3  9 21 11 
 3 10 12  2 
 3 11 23 13 
 3 12 14  3 
 3 13 25 15 
 3 14 16  5 
 3 15 27 17 
 3 16 30 18 
 3 17 19  6 
 3 18 20  8 
 3 19 31 21 
 3 20 22 10 
 3 21 33 23 
 3 22 24 12 
 3 23 35 25 
 3 24 26 14 
 3 25 36 27 
 3 26 28 16 
 3 27 37 29 
 3 28 39 30 
 3 29 31 17 
 3 30 32 20 
 3 31 39 33 
 3 32 34 22 
 3 33 38 35 
 3 34 36 24 
 3 35 37 26 
 3 36 38 28 
 3 37 34 39 
 3 38 32 29 

40
 3  4  7  1 
 3  0  9  2 
 3  1 11  3 
 3  2 13  4 
 3  3  5  0 
 3  4 15  6 
 3  5 18  7 
 3  6  8  0 
 3  7 20  9 
 3  8 10  1 
 3  9 22 11 
 3 10 12  2 
 3 11 24 13 
 3 12 14  3 
 3 13 26 15 
 3 14 16  5 
 3 15 27 17 
 3 16 29 18 
 3 17 19  6 
 3 18 31 20 
 3 19 21  8 
 3 20 33 22 
 3 21 23 10 
 3 22 34 24 
 3 23 25 12 
 3 24 36 26 
 3 25 27 14 
 3 26 28 16 
 3 27 37 29 
 3 28 30 17 
 3 29 38 31 
 3 30 32 19 
 3 31 39 33 
 3 32 34 21 
 3 33 35 23 
 3 34 39 36 
 3 35 37 25 
 3 36 38 28 
 3 37 39 30 
 3 38 35 32 

40
 3  4  7  1 
 3  0  9  2 
 3  1 11  3 
 3  2 13  4 
 3  3  5  0 
 3  4 15  6 
 3  5 18  7 
 3  6  8  0 
 3  7 20  9 
 3  8 10  1 
 3  9 22 11 
 3 10 12  2 
 3 11 24 13 
 3 12 14  3 
 3 13 26 15 
 3 14 16  5 
 3 15 27 17 
 3 16 30 18 
 3 17 19  6 
 3 18 31 20 
 3 19 21  8 
 3 20 33 22 
 3 21 23 10 
 3 22 35 24 
 3 23 25 12 
 3 24 36 26 
 3 25 27 14 
 3 26 28 16 
 3 27 37 29 
 3 28 39 30 
 3 29 31 17 
 3 30 32 19 
 3 31 39 33 
 3 32 34 21 
 3 33 38 35 
 3 34 36 23 
 3 35 37 25 
 3 36 38 28 
 3 37 34 39 
 3 38 32 29 

40
 3  4  7  1 
 3  0  9  2 
 3  1 11  3 
 3  2 13  4 
 3  3  5  0 
 3  4 15  6 
 3  5 18  7 
 3  6  8  0 
 3  7 20  9 
 3  8 10  1 
 3  9 22 11 
 3 10 12  2 
 3 11 24 13 
 3 12 14  3 
 3 13 26 15 
 3 14 16  5 
 3 15 28 17 
 3 16 30 18 
 3 17 19  6 
 3 18 31 20 
 3 19 21  8 
 3 20 33 22 
 3 21 23 10 
 3 22 34 24 
 3 23 25 12 
 3 24 36 26 
 3 25 27 14 
 3 26 37 28 
 3 27 29 16 
 3 28 38 30 
 3 29 31 17 
 3 30 32 19 
 3 31 39 33 
 3 32 34 21 
 3 33 35 23 
 3 34 39 36 
 3 35 37 25 
 3 36 38 27 
 3 37 39 29 
 3 38 35 32 

40
 3  4  7  1 
 3  0  9  2 
 3  1 11  3 
 3  2 13  4 
 3  3  5  0 
 3  4 15  6 
 3  5 18  7 
 3  6  8  0 
 3  7 20  9 
 3  8 10  1 
 3  9 22 11 
 3 10 12  2 
 3 11 24 13 
 3 12 14  3 
 3 13 26 15 
 3 14 16  5 
 3 15 28 17 
 3 16 30 18 
 3 17 19  6 
 3 18 31 20 
 3 19 21  8 
 3 20 33 22 
 3 21 23 10 
 3 22 35 24 
 3 23 25 12 
 3 24 36 26 
 3 25 27 14 
 3 26 37 28 
 3 27 29 16 
 3 28 39 30 
 3 29 31 17 
 3 30 32 19 
 3 31 39 33 
 3 32 34 21 
 3 33 38 35 
 3 34 36 23 
 3 35 37 25 
 3 36 38 27 
 3 37 34 39 
 3 38 32 29 

40
 3  4  7  1 
 3  0  9  2 
 3  1 11  3 
 3  2 13  4 
 3  3  5  0 
 3  4 15  6 
 3  5 18  7 
 3  6  8  0 
 3  7 20  9 
 3  8 10  1 
 3  9 22 11 
 3 10 12  2 
 3 11 24 13 
 3 12 14  3 
 3 13 26 15 
 3 14 16  5 
 3 15 28 17 
 3 16 30 18 
 3 17 19  6 
 3 18 32 20 
 3 19 21  8 
 3 20 33 22 
 3 21 23 10 
 3 22 34 24 
 3 23 25 12 
 3 24 36 26 
 3 25 27 14 
 3 26 37 28 
 3 27 29 16 
 3 28 38 30 
 3 29 31 17 
 3 30 39 32 
 3 31 33 19 
 3 32 34 21 
 3 33 35 23 
 3 34 39 36 
 3 35 37 25 
 3 36 38 27 
 3 37 39 29 
 3 38 35 31 

40
 3  4  7  1 
 3  0  9  2 
 3  1 11  3 
 3  2 14  4 
 3  3  5  0 
 3  4 16  6 
 3  5 18  7 
 3  6  8  0 
 3  7 20  9 
 3  8 10  1 
 3  9 22 11 
 3 10 12  2 
 3 11 24 13 
 3 12 26 14 
 3 13 15  3 
 3 14 27 16 
 3 15 17  5 
 3 16 29 18 
 3 17 19  6 
 3 18 31 20 
 3 19 21  8 
 3 20 33 22 
 3 21 23 10 
 3 22 34 24 
 3 23 25 12 
 3 24 36 26 
 3 25 27 13 
 3 26 28 15 
 3 27 37 29 
 3 28 30 17 
 3 29 38 31 
 3 30 32 19 
 3 31 39 33 
 3 32 34 21 
 3 33 35 23 
 3 34 39 36 
 3 35 37 25 
 3 36 38 28 
 3 37 39 30 
 3 38 35 32 

40
 3  4  7  1 
 3  0  9  2 
 3  1 11  3 
 3  2 14  4 
 3  3  5  0 
 3  4 16  6 
 3  5 18  7 
 3  6  8  0 
 3  7 20  9 
 3  8 10  1 
 3  9 22 11 
 3 10 12  2 
 3 11 24 13 
 3 12 26 14 
 3 13 15  3 
 3 14 28 16 
 3 15 17  5 
 3 16 29 18 
 3 17 19  6 
 3 18 31 20 
 3 19 21  8 
 3 20 33 22 
 3 21 23 10 
 3 22 34 24 
 3 23 25 12 
 3 24 36 26 
 3 25 27 13 
 3 26 37 28 
 3 27 29 15 
 3 28 30 17 
 3 29 38 31 
 3 30 32 19 
 3 31 39 33 
 3 32 34 21 
 3 33 35 23 
 3 34 39 36 
 3 35 37 25 
 3 36 38 27 
 3 37 39 30 
 3 38 35 32 

40
 3  4  7  1 
 3  0  9  2 
 3  1 11  3 
 3  2 14  4 
 3  3  5  0 
 3  4 16  6 
 3  5 18  7 
 3  6  8  0 
 3  7 20  9 
 3  8 10  1 
 3  9 22 11 
 3 10 12  2 
 3 11 24 13 
 3 12 26 14 
 3 13 15  3 
 3 14 28 16 
 3 15 17  5 
 3 16 30 18 
 3 17 19  6 
 3 18 31 20 
 3 19 21  8 
 3 20 33 22 
 3 21 23 10 
 3 22 35 24 
 3 23 25 12 
 3 24 36 26 
 3 25 27 13 
 3 26 37 28 
 3 27 29 15 
 3 28 39 30 
 3 29 31 17 
 3 30 32 19 
 3 31 39 33 
 3 32 34 21 
 3 33 38 35 
 3 34 36 23 
 3 35 37 25 
 3 36 38 27 
 3 37 34 39 
 3 38 32 29 

40
 3  4  7  1 
 3  0  9  2 
 3  1 11  3 
 3  2 14  4 
 3  3  5  0 
 3  4 16  6 
 3  5 18  7 
 3  6  8  0 
 3  7 20  9 
 3  8 10  1 
 3  9 22 11 
 3 10 12  2 
 3 11 24 13 
 3 12 26 14 
 3 13 15  3 
 3 14 28 16 
 3 15 17  5 
 3 16 30 18 
 3 17 19  6 
 3 18 32 20 
 3 19 21  8 
 3 20 33 22 
 3 21 23 10 
 3 22 35 24 
 3 23 25 12 
 3 24 36 26 
 3 25 27 13 
 3 26 37 28 
 3 27 29 15 
 3 28 38 30 
 3 29 31 17 
 3 30 39 32 
 3 31 33 19 
 3 32 34 21 
 3 33 39 35 
 3 34 36 23 
 3 35 37 25 
 3 36 38 27 
 3 37 39 29 
 3 38 34 31 

40
 3  4  7  1 
 3  0  9  2 
 3  1 11  3 
 3  2 14  4 
 3  3  5  0 
 3  4 16  6 
 3  5 18  7 
 3  6  8  0 
 3  7 20  9 
 3  8 10  1 
 3  9 22 11 
 3 10 12  2 
 3 11 24 13 
 3 12 27 14 
 3 13 15  3 
 3 14 28 16 
 3 15 17  5 
 3 16 30 18 
 3 17 19  6 
 3 18 32 20 
 3 19 21  8 
 3 20 33 22 
 3 21 23 10 
 3 22 35 24 
 3 23 25 12 
 3 24 36 26 
 3 25 38 27 
 3 26 28 13 
 3 27 29 15 
 3 28 38 30 
 3 29 31 17 
 3 30 39 32 
 3 31 33 19 
 3 32 34 21 
 3 33 39 35 
 3 34 36 23 
 3 35 37 25 
 3 36 39 38 
 3 37 29 26 
 3 37 34 31 

40
 3  4  7  1 
 3  0  9  2 
 3  1 11  3 
 3  2 14  4 
 3  3  5  0 
 3  4 16  6 
 3  5 19  7 
 3  6  8  0 
 3  7 21  9 
 3  8 10  1 
 3  9 23 11 
 3 10 12  2 
 3 11 25 13 
 3 12 27 14 
 3 13 15  3 
 3 14 28 16 
 3 15 17  5 
 3 16 29 18 
 3 17 32 19 
 3 18 20  6 
 3 19 33 21 
 3 20 22  8 
 3 21 35 23 
 3 22 24 10 
 3 23 36 25 
 3 24 26 12 
 3 25 38 27 
 3 26 28 13 
 3 27 29 15 
 3 28 30 17 
 3 29 38 31 
 3 30 39 32 
 3 31 33 18 
 3 32 34 20 
 3 33 39 35 
 3 34 36 22 
 3 35 37 24 
 3 36 39 38 
 3 37 30 26 
 3 37 34 31 

40
 3  4  7  1 
 3  0  9  2 
 3  1 11  3 
 3  2 14  4 
 3  3  5  0 
 3  4 16  6 
 3  5 19  7 
 3  6  8  0 
 3  7 21  9 
 3  8 10  1 
 3  9 23 11 
 3 10 12  2 
 3 11 25 13 
 3 12 27 14 
 3 13 15  3 
 3 14 28 16 
 3 15 17  5 
 3 16 30 18 
 3 17 32 19 
 3 18 20  6 
 3 19 33 21 
 3 20 22  8 
 3 21 34 23 
 3 22 24 10 
 3 23 36 25 
 3 24 26 12 
 3 25 37 27 
 3 26 28 13 
 3 27 29 15 
 3 28 38 30 
 3 29 31 17 
 3 30 39 32 
 3 31 33 18 
 3 32 34 20 
 3 33 35 22 
 3 34 39 36 
 3 35 37 24 
 3 36 38 26 
 3 37 39 29 
 3 38 35 31 

40
 3  4  7  1 
 3  0  9  2 
 3  1 11  3 
 3  2 14  4 
 3  3  5  0 
 3  4 16  6 
 3  5 19  7 
 3  6  8  0 
 3  7 21  9 
 3  8 10  1 
 3  9 23 11 
 3 10 12  2 
 3 11 25 13 
 3 12 27 14 
 3 13 15  3 
 3 14 28 16 
 3 15 17  5 
 3 16 30 18 
 3 17 32 19 
 3 18 20  6 
 3 19 33 21 
 3 20 22  8 
 3 21 35 23 
 3 22 24 10 
 3 23 36 25 
 3 24 26 12 
 3 25 37 27 
 3 26 28 13 
 3 27 29 15 
 3 28 38 30 
 3 29 31 17 
 3 30 39 32 
 3 31 33 18 
 3 32 34 20 
 3 33 39 35 
 3 34 36 22 
 3 35 37 24 
 3 36 38 26 
 3 37 39 29 
 3 38 34 31 

40
 3  4  7  1 
 3  0  9  2 
 3  1 11  3 
 3  2 14  4 
 3  3  5  0 
 3  4 16  6 
 3  5 19  7 
 3  6  8  0 
 3  7 21  9 
 3  8 10  1 
 3  9 23 11 
 3 10 12  2 
 3 11 25 13 
 3 12 27 14 
 3 13 15  3 
 3 14 28 16 
 3 15 17  5 
 3 16 30 18 
 3 17 32 19 
 3 18 20  6 
 3 19 33 21 
 3 20 22  8 
 3 21 35 23 
 3 22 24 10 
 3 23 36 25 
 3 24 26 12 
 3 25 38 27 
 3 26 28 13 
 3 27 29 15 
 3 28 38 30 
 3 29 31 17 
 3 30 39 32 
 3 31 33 18 
 3 32 34 20 
 3 33 39 35 
 3 34 36 22 
 3 35 37 24 
 3 36 39 38 
 3 37 29 26 
 3 37 34 31 

40
 3  4  7  1 
 3  0  9  2 
 3  1 11  3 
 3  2 14  4 
 3  3  5  0 
 3  4 16  6 
 3  5 19  7 
 3  6  8  0 
 3  7 21  9 
 3  8 10  1 
 3  9 23 11 
 3 10 12  2 
 3 11 25 13 
 3 12 27 14 
 3 13 15  3 
 3 14 28 16 
 3 15 17  5 
 3 16 30 18 
 3 17 33 19 
 3 18 20  6 
 3 19 34 21 
 3 20 22  8 
 3 21 35 23 
 3 22 24 10 
 3 23 37 25 
 3 24 26 12 
 3 25 39 27 
 3 26 28 13 
 3 27 29 15 
 3 28 39 30 
 3 29 31 17 
 3 30 38 32 
 3 31 36 33 
 3 32 34 18 
 3 33 35 20 
 3 34 36 22 
 3 35 32 37 
 3 36 38 24 
 3 37 31 39 
 3 38 29 26 

40
 3  4  7  1 
 3  0  9  2 
 3  1 11  3 
 3  2 14  4 
 3  3  5  0 
 3  4 16  6 
 3  5 19  7 
 3  6  8  0 
 3  7 21  9 
 3  8 10  1 
 3  9 23 11 
 3 10 12  2 
 3 11 25 13 
 3 12 27 14 
 3 13 15  3 
 3 14 29 16 
 3 15 17  5 
 3 16 30 18 
 3 17 32 19 
 3 18 20  6 
 3 19 33 21 
 3 20 22  8 
 3 21 35 23 
 3 22 24 10 
 3 23 36 25 
 3 24 26 12 
 3 25 37 27 
 3 26 28 13 
 3 27 38 29 
 3 28 30 15 
 3 29 31 17 
 3 30 39 32 
 3 31 33 18 
 3 32 34 20 
 3 33 39 35 
 3 34 36 22 
 3 35 37 24 
 3 36 38 26 
 3 37 39 28 
 3 38 34 31 

40
 3  4  7  1 
 3  0  9  2 
 3  1 12  3 
 3  2 14  4 
 3  3  5  0 
 3  4 16  6 
 3  5 18  7 
 3  6  8  0 
 3  7 20  9 
 3  8 10  1 
 3  9 21 11 
 3 10 24 12 
 3 11 13  2 
 3 12 26 14 
 3 13 15  3 
 3 14 28 16 
 3 15 17  5 
 3 16 30 18 
 3 17 19  6 
 3 18 32 20 
 3 19 21  8 
 3 20 22 10 
 3 21 33 23 
 3 22 35 24 
 3 23 25 11 
 3 24 36 26 
 3 25 27 13 
 3 26 37 28 
 3 27 29 15 
 3 28 38 30 
 3 29 31 17 
 3 30 39 32 
 3 31 33 19 
 3 32 34 22 
 3 33 39 35 
 3 34 36 23 
 3 35 37 25 
 3 36 38 27 
 3 37 39 29 
 3 38 34 31 

40
 3  4  7  1 
 3  0  9  2 
 3  1 12  3 
 3  2 14  4 
 3  3  5  0 
 3  4 16  6 
 3  5 18  7 
 3  6  8  0 
 3  7 20  9 
 3  8 10  1 
 3  9 22 11 
 3 10 24 12 
 3 11 13  2 
 3 12 26 14 
 3 13 15  3 
 3 14 28 16 
 3 15 17  5 
 3 16 29 18 
 3 17 19  6 
 3 18 31 20 
 3 19 21  8 
 3 20 33 22 
 3 21 23 10 
 3 22 34 24 
 3 23 25 11 
 3 24 36 26 
 3 25 27 13 
 3 26 37 28 
 3 27 29 15 
 3 28 30 17 
 3 29 38 31 
 3 30 32 19 
 3 31 39 33 
 3 32 34 21 
 3 33 35 23 
 3 34 39 36 
 3 35 37 25 
 3 36 38 27 
 3 37 39 30 
 3 38 35 32 

40
 3  4  7  1 
 3  0  9  2 
 3  1 12  3 
 3  2 14  4 
 3  3  5  0 
 3  4 16  6 
 3  5 18  7 
 3  6  8  0 
 3  7 20  9 
 3  8 10  1 
 3  9 22 11 
 3 10 24 12 
 3 11 13  2 
 3 12 26 14 
 3 13 15  3 
 3 14 28 16 
 3 15 17  5 
 3 16 30 18 
 3 17 19  6 
 3 18 31 20 
 3 19 21  8 
 3 20 33 22 
 3 21 23 10 
 3 22 34 24 
 3 23 25 11 
 3 24 36 26 
 3 25 27 13 
 3 26 37 28 
 3 27 29 15 
 3 28 38 30 
 3 29 31 17 
 3 30 32 19 
 3 31 39 33 
 3 32 34 21 
 3 33 35 23 
 3 34 39 36 
 3 35 37 25 
 3 36 38 27 
 3 37 39 29 
 3 38 35 32 

40
 3  4  7  1 
 3  0  9  2 
 3  1 12  3 
 3  2 14  4 
 3  3  5  0 
 3  4 16  6 
 3  5 18  7 
 3  6  8  0 
 3  7 20  9 
 3  8 10  1 
 3  9 22 11 
 3 10 24 12 
 3 11 13  2 
 3 12 26 14 
 3 13 15  3 
 3 14 28 16 
 3 15 17  5 
 3 16 30 18 
 3 17 19  6 
 3 18 31 20 
 3 19 21  8 
 3 20 33 22 
 3 21 23 10 
 3 22 35 24 
 3 23 25 11 
 3 24 36 26 
 3 25 27 13 
 3 26 37 28 
 3 27 29 15 
 3 28 39 30 
 3 29 31 17 
 3 30 32 19 
 3 31 39 33 
 3 32 34 21 
 3 33 38 35 
 3 34 36 23 
 3 35 37 25 
 3 36 38 27 
 3 37 34 39 
 3 38 32 29 

40
 3  4  7  1 
 3  0  9  2 
 3  1 12  3 
 3  2 14  4 
 3  3  5  0 
 3  4 16  6 
 3  5 18  7 
 3  6  8  0 
 3  7 20  9 
 3  8 10  1 
 3  9 22 11 
 3 10 24 12 
 3 11 13  2 
 3 12 26 14 
 3 13 15  3 
 3 14 28 16 
 3 15 17  5 
 3 16 30 18 
 3 17 19  6 
 3 18 32 20 
 3 19 21  8 
 3 20 33 22 
 3 21 23 10 
 3 22 35 24 
 3 23 25 11 
 3 24 36 26 
 3 25 27 13 
 3 26 37 28 
 3 27 29 15 
 3 28 38 30 
 3 29 31 17 
 3 30 39 32 
 3 31 33 19 
 3 32 34 21 
 3 33 39 35 
 3 34 36 23 
 3 35 37 25 
 3 36 38 27 
 3 37 39 29 
 3 38 34 31 

40
 3  4  7  1 
 3  0  9  2 
 3  1 12  3 
 3  2 14  4 
 3  3  5  0 
 3  4 16  6 
 3  5 19  7 
 3  6  8  0 
 3  7 21  9 
 3  8 10  1 
 3  9 23 11 
 3 10 25 12 
 3 11 13  2 
 3 12 26 14 
 3 13 15  3 
 3 14 28 16 
 3 15 17  5 
 3 16 30 18 
 3 17 32 19 
 3 18 20  6 
 3 19 33 21 
 3 20 22  8 
 3 21 34 23 
 3 22 24 10 
 3 23 36 25 
 3 24 26 11 
 3 25 27 13 
 3 26 37 28 
 3 27 29 15 
 3 28 38 30 
 3 29 31 17 
 3 30 39 32 
 3 31 33 18 
 3 32 34 20 
 3 33 35 22 
 3 34 39 36 
 3 35 37 24 
 3 36 38 27 
 3 37 39 29 
 3 38 35 31 

40
 3  4  7  1 
 3  0  9  2 
 3  1 12  3 
 3  2 14  4 
 3  3  5  0 
 3  4 16  6 
 3  5 19  7 
 3  6  8  0 
 3  7 21  9 
 3  8 10  1 
 3  9 23 11 
 3 10 25 12 
 3 11 13  2 
 3 12 27 14 
 3 13 15  3 
 3 14 28 16 
 3 15 17  5 
 3 16 30 18 
 3 17 32 19 
 3 18 20  6 
 3 19 33 21 
 3 20 22  8 
 3 21 34 23 
 3 22 24 10 
 3 23 36 25 
 3 24 26 11 
 3 25 37 27 
 3 26 28 13 
 3 27 29 15 
 3 28 38 30 
 3 29 31 17 
 3 30 39 32 
 3 31 33 18 
 3 32 34 20 
 3 33 35 22 
 3 34 39 36 
 3 35 37 24 
 3 36 38 26 
 3 37 39 29 
 3 38 35 31 

40
 3  4  7  1 
 3  0  9  2 
 3  1 12  3 
 3  2 14  4 
 3  3  5  0 
 3  4 16  6 
 3  5 19  7 
 3  6  8  0 
 3  7 21  9 
 3  8 10  1 
 3  9 23 11 
 3 10 25 12 
 3 11 13  2 
 3 12 27 14 
 3 13 15  3 
 3 14 28 16 
 3 15 17  5 
 3 16 30 18 
 3 17 32 19 
 3 18 20  6 
 3 19 33 21 
 3 20 22  8 
 3 21 35 23 
 3 22 24 10 
 3 23 36 25 
 3 24 26 11 
 3 25 38 27 
 3 26 28 13 
 3 27 29 15 
 3 28 38 30 
 3 29 31 17 
 3 30 39 32 
 3 31 33 18 
 3 32 34 20 
 3 33 39 35 
 3 34 36 22 
 3 35 37 24 
 3 36 39 38 
 3 37 29 26 
 3 37 34 31 

40
 3  4  7  1 
 3  0  9  2 
 3  1 12  3 
 3  2 14  4 
 3  3  5  0 
 3  4 16  6 
 3  5 19  7 
 3  6  8  0 
 3  7 21  9 
 3  8 10  1 
 3  9 23 11 
 3 10 25 12 
 3 11 13  2 
 3 12 27 14 
 3 13 15  3 
 3 14 28 16 
 3 15 17  5 
 3 16 30 18 
 3 17 33 19 
 3 18 20  6 
 3 19 34 21 
 3 20 22  8 
 3 21 35 23 
 3 22 24 10 
 3 23 37 25 
 3 24 26 11 
 3 25 39 27 
 3 26 28 13 
 3 27 29 15 
 3 28 39 30 
 3 29 31 17 
 3 30 38 32 
 3 31 36 33 
 3 32 34 18 
 3 33 35 20 
 3 34 36 22 
 3 35 32 37 
 3 36 38 24 
 3 37 31 39 
 3 38 29 26 

40
 3  4  7  1 
 3  0  9  2 
 3  1 12  3 
 3  2 14  4 
 3  3  5  0 
 3  4 16  6 
 3  5 19  7 
 3  6  8  0 
 3  7 21  9 
 3  8 10  1 
 3  9 23 11 
 3 10 25 12 
 3 11 13  2 
 3 12 27 14 
 3 13 15  3 
 3 14 29 16 
 3 15 17  5 
 3 16 30 18 
 3 17 32 19 
 3 18 20  6 
 3 19 33 21 
 3 20 22  8 
 3 21 34 23 
 3 22 24 10 
 3 23 36 25 
 3 24 26 11 
 3 25 37 27 
 3 26 28 13 
 3 27 38 29 
 3 28 30 15 
 3 29 31 17 
 3 30 39 32 
 3 31 33 18 
 3 32 34 20 
 3 33 35 22 
 3 34 39 36 
 3 35 37 24 
 3 36 38 26 
 3 37 39 28 
 3 38 35 31 

40
 3  4  7  1 
 3  0  9  2 
 3  1 12  3 
 3  2 14  4 
 3  3  5  0 
 3  4 16  6 
 3  5 19  7 
 3  6  8  0 
 3  7 21  9 
 3  8 10  1 
 3  9 23 11 
 3 10 25 12 
 3 11 13  2 
 3 12 27 14 
 3 13 15  3 
 3 14 29 16 
 3 15 17  5 
 3 16 30 18 
 3 17 32 19 
 3 18 20  6 
 3 19 33 21 
 3 20 22  8 
 3 21 35 23 
 3 22 24 10 
 3 23 36 25 
 3 24 26 11 
 3 25 37 27 
 3 26 28 13 
 3 27 38 29 
 3 28 30 15 
 3 29 31 17 
 3 30 39 32 
 3 31 33 18 
 3 32 34 20 
 3 33 39 35 
 3 34 36 22 
 3 35 37 24 
 3 36 38 26 
 3 37 39 28 
 3 38 34 31 

40
 3  4  7  1 
 3  0  9  2 
 3  1 12  3 
 3  2 14  4 
 3  3  5  0 
 3  4 16  6 
 3  5 19  7 
 3  6  8  0 
 3  7 21  9 
 3  8 10  1 
 3  9 23 11 
 3 10 25 12 
 3 11 13  2 
 3 12 27 14 
 3 13 15  3 
 3 14 29 16 
 3 15 17  5 
 3 16 30 18 
 3 17 33 19 
 3 18 20  6 
 3 19 34 21 
 3 20 22  8 
 3 21 35 23 
 3 22 24 10 
 3 23 37 25 
 3 24 26 11 
 3 25 38 27 
 3 26 28 13 
 3 27 39 29 
 3 28 30 15 
 3 29 31 17 
 3 30 39 32 
 3 31 36 33 
 3 32 34 18 
 3 33 35 20 
 3 34 36 22 
 3 35 32 37 
 3 36 38 24 
 3 37 39 26 
 3 38 31 28 

40
 3  4  7  1 
 3  0  9  2 
 3  1 12  3 
 3  2 14  4 
 3  3  5  0 
 3  4 16  6 
 3  5 19  7 
 3  6  8  0 
 3  7 21  9 
 3  8 10  1 
 3  9 23 11 
 3 10 26 12 
 3 11 13  2 
 3 12 27 14 
 3 13 15  3 
 3 14 28 16 
 3 15 17  5 
 3 16 30 18 
 3 17 32 19 
 3 18 20  6 
 3 19 33 21 
 3 20 22  8 
 3 21 35 23 
 3 22 24 10 
 3 23 36 25 
 3 24 38 26 
 3 25 27 11 
 3 26 28 13 
 3 27 29 15 
 3 28 38 30 
 3 29 31 17 
 3 30 39 32 
 3 31 33 18 
 3 32 34 20 
 3 33 39 35 
 3 34 36 22 
 3 35 37 24 
 3 36 39 38 
 3 37 29 25 
 3 37 34 31 

40
 3  4  7  1 
 3  0  9  2 
 3  1 12  3 
 3  2 14  4 
 3  3  5  0 
 3  4 16  6 
 3  5 19  7 
 3  6  8  0 
 3  7 21  9 
 3  8 10  1 
 3  9 23 11 
 3 10 26 12 
 3 11 13  2 
 3 12 27 14 
 3 13 15  3 
 3 14 28 16 
 3 15 17  5 
 3 16 30 18 
 3 17 33 19 
 3 18 20  6 
 3 19 34 21 
 3 20 22  8 
 3 21 35 23 
 3 22 24 10 
 3 23 37 25 
 3 24 39 26 
 3 25 27 11 
 3 26 28 13 
 3 27 29 15 
 3 28 39 30 
 3 29 31 17 
 3 30 38 32 
 3 31 36 33 
 3 32 34 18 
 3 33 35 20 
 3 34 36 22 
 3 35 32 37 
 3 36 38 24 
 3 37 31 39 
 3 38 29 25 

40
 3  4  7  1 
 3  0  9  2 
 3  1 12  3 
 3  2 14  4 
 3  3  5  0 
 3  4 16  6 
 3  5 19  7 
 3  6  8  0 
 3  7 21  9 
 3  8 10  1 
 3  9 23 11 
 3 10 26 12 
 3 11 13  2 
 3 12 27 14 
 3 13 15  3 
 3 14 29 16 
 3 15 17  5 
 3 16 31 18 
 3 17 33 19 
 3 18 20  6 
 3 19 34 21 
 3 20 22  8 
 3 21 35 23 
 3 22 24 10 
 3 23 36 25 
 3 24 39 26 
 3 25 27 11 
 3 26 28 13 
 3 27 39 29 
 3 28 30 15 
 3 29 38 31 
 3 30 32 17 
 3 31 37 33 
 3 32 34 18 
 3 33 35 20 
 3 34 36 22 
 3 35 37 24 
 3 36 32 38 
 3 37 30 39 
 3 38 28 25 

40
 3  4  7  1 
 3  0 10  2 
 3  1 12  3 
 3  2 15  4 
 3  3  5  0 
 3  4 17  6 
 3  5 19  7 
 3  6  8  0 
 3  7 21  9 
 3  8 23 10 
 3  9 11  1 
 3 10 24 12 
 3 11 13  2 
 3 12 26 14 
 3 13 28 15 
 3 14 16  3 
 3 15 30 17 
 3 16 18  5 
 3 17 31 19 
 3 18 20  6 
 3 19 33 21 
 3 20 22  8 
 3 21 35 23 
 3 22 24  9 
 3 23 25 11 
 3 24 36 26 
 3 25 27 13 
 3 26 37 28 
 3 27 29 14 
 3 28 39 30 
 3 29 31 16 
 3 30 32 18 
 3 31 39 33 
 3 32 34 20 
 3 33 38 35 
 3 34 36 22 
 3 35 37 25 
 3 36 38 27 
 3 37 34 39 
 3 38 32 29 

40
 3  4  7  1 
 3  0 10  2 
 3  1 12  3 
 3  2 15  4 
 3  3  5  0 
 3  4 17  6 
 3  5 19  7 
 3  6  8  0 
 3  7 21  9 
 3  8 23 10 
 3  9 11  1 
 3 10 25 12 
 3 11 13  2 
 3 12 26 14 
 3 13 28 15 
 3 14 16  3 
 3 15 30 17 
 3 16 18  5 
 3 17 31 19 
 3 18 20  6 
 3 19 33 21 
 3 20 22  8 
 3 21 34 23 
 3 22 24  9 
 3 23 36 25 
 3 24 26 11 
 3 25 27 13 
 3 26 37 28 
 3 27 29 14 
 3 28 38 30 
 3 29 31 16 
 3 30 32 18 
 3 31 39 33 
 3 32 34 20 
 3 33 35 22 
 3 34 39 36 
 3 35 37 24 
 3 36 38 27 
 3 37 39 29 
 3 38 35 32 

40
 3  4  7  1 
 3  0 10  2 
 3  1 12  3 
 3  2 15  4 
 3  3  5  0 
 3  4 17  6 
 3  5 19  7 
 3  6  8  0 
 3  7 21  9 
 3  8 23 10 
 3  9 11  1 
 3 10 25 12 
 3 11 13  2 
 3 12 26 14 
 3 13 28 15 
 3 14 16  3 
 3 15 30 17 
 3 16 18  5 
 3 17 32 19 
 3 18 20  6 
 3 19 33 21 
 3 20 22  8 
 3 21 35 23 
 3 22 24  9 
 3 23 36 25 
 3 24 26 11 
 3 25 27 13 
 3 26 37 28 
 3 27 29 14 
 3 28 38 30 
 3 29 31 16 
 3 30 39 32 
 3 31 33 18 
 3 32 34 20 
 3 33 39 35 
 3 34 36 22 
 3 35 37 24 
 3 36 38 27 
 3 37 39 29 
 3 38 34 31 

40
 3  4  7  1 
 3  0 10  2 
 3  1 12  3 
 3  2 15  4 
 3  3  5  0 
 3  4 17  6 
 3  5 19  7 
 3  6  8  0 
 3  7 21  9 
 3  8 23 10 
 3  9 11  1 
 3 10 25 12 
 3 11 13  2 
 3 12 26 14 
 3 13 29 15 
 3 14 16  3 
 3 15 30 17 
 3 16 18  5 
 3 17 32 19 
 3 18 20  6 
 3 19 33 21 
 3 20 22  8 
 3 21 35 23 
 3 22 24  9 
 3 23 36 25 
 3 24 26 11 
 3 25 27 13 
 3 26 37 28 
 3 27 39 29 
 3 28 30 14 
 3 29 31 16 
 3 30 39 32 
 3 31 33 18 
 3 32 34 20 
 3 33 38 35 
 3 34 36 22 
 3 35 37 24 
 3 36 38 27 
 3 37 34 39 
 3 38 31 28 

40
 3  4  7  1 
 3  0 10  2 
 3  1 12  3 
 3  2 15  4 
 3  3  5  0 
 3  4 17  6 
 3  5 19  7 
 3  6  8  0 
 3  7 21  9 
 3  8 23 10 
 3  9 11  1 
 3 10 25 12 
 3 11 13  2 
 3 12 26 14 
 3 13 29 15 
 3 14 16  3 
 3 15 30 17 
 3 16 18  5 
 3 17 32 19 
 3 18 20  6 
 3 19 33 21 
 3 20 22  8 
 3 21 35 23 
 3 22 24  9 
 3 23 37 25 
 3 24 26 11 
 3 25 27 13 
 3 26 37 28 
 3 27 38 29 
 3 28 30 14 
 3 29 31 16 
 3 30 39 32 
 3 31 33 18 
 3 32 34 20 
 3 33 39 35 
 3 34 36 22 
 3 35 38 37 
 3 36 27 24 
 3 36 39 28 
 3 38 34 31 

40
 3  4  7  1 
 3  0 10  2 
 3  1 13  3 
 3  2 16  4 
 3  3  5  0 
 3  4 17  6 
 3  5 20  7 
 3  6  8  0 
 3  7 22  9 
 3  8 24 10 
 3  9 11  1 
 3 10 25 12 
 3 11 28 13 
 3 12 14  2 
 3 13 29 15 
 3 14 31 16 
 3 15 17  3 
 3 16 18  5 
 3 17 32 19 
 3 18 34 20 
 3 19 21  6 
 3 20 35 22 
 3 21 23  8 
 3 22 37 24 
 3 23 25  9 
 3 24 26 11 
 3 25 37 27 
 3 26 39 28 
 3 27 29 12 
 3 28 30 14 
 3 29 39 31 
 3 30 32 15 
 3 31 33 18 
 3 32 38 34 
 3 33 35 19 
 3 34 36 21 
 3 35 38 37 
 3 36 26 23 
 3 36 33 39 
 3 38 30 27 

