44
3 4 7 1
3 0 9 2
3 1 11 3
3 2 13 4
3 3 5 0
3 4 15 6
3 5 17 7
3 6 8 0
3 7 19 9
3 8 10 1
3 9 21 11
3 10 12 2
3 11 23 13
3 12 14 3
3 13 25 15
3 14 16 5
3 15 27 17
3 16 18 6
3 17 29 19
3 18 20 8
3 19 31 21
3 20 22 10
3 21 33 23
3 22 24 12
3 23 35 25
3 24 26 14
3 25 37 27
3 26 28 16
3 27 38 29
3 28 30 18
3 29 40 31
3 30 32 20
3 31 41 33
3 32 34 22
3 33 42 35
3 34 36 24
3 35 43 37
3 36 38 26
3 37 39 28
3 38 43 40
3 39 41 30
3 40 42 32
3 41 43 34
3 42 39 36
13
 5 7 9 11 13 18 22 26 27 31 35 39 42
44
3 4 7 1
3 0 9 2
3 1 11 3
3 2 13 4
3 3 5 0
3 4 15 6
3 5 18 7
3 6 8 0
3 7 19 9
3 8 10 1
3 9 21 11
3 10 12 2
3 11 23 13
3 12 14 3
3 13 25 15
3 14 16 5
3 15 27 17
3 16 30 18
3 17 19 6
3 18 20 8
3 19 31 21
3 20 22 10
3 21 33 23
3 22 24 12
3 23 35 25
3 24 26 14
3 25 37 27
3 26 28 16
3 27 38 29
3 28 40 30
3 29 31 17
3 30 32 20
3 31 41 33
3 32 34 22
3 33 42 35
3 34 36 24
3 35 43 37
3 36 38 26
3 37 39 28
3 38 43 40
3 39 41 29
3 40 42 32
3 41 43 34
3 42 39 36
13
 5 7 9 11 13 19 22 26 27 30 35 39 41
44
3 4 7 1
3 0 9 2
3 1 11 3
3 2 13 4
3 3 5 0
3 4 15 6
3 5 18 7
3 6 8 0
3 7 20 9
3 8 10 1
3 9 21 11
3 10 12 2
3 11 23 13
3 12 14 3
3 13 25 15
3 14 16 5
3 15 27 17
3 16 30 18
3 17 19 6
3 18 32 20
3 19 21 8
3 20 22 10
3 21 33 23
3 22 24 12
3 23 35 25
3 24 26 14
3 25 37 27
3 26 28 16
3 27 38 29
3 28 40 30
3 29 31 17
3 30 41 32
3 31 33 19
3 32 34 22
3 33 42 35
3 34 36 24
3 35 43 37
3 36 38 26
3 37 39 28
3 38 43 40
3 39 41 29
3 40 42 31
3 41 43 34
3 42 39 36
13
 5 7 9 11 13 19 22 26 27 30 35 39 42
44
3 4 7 1
3 0 9 2
3 1 11 3
3 2 13 4
3 3 5 0
3 4 15 6
3 5 18 7
3 6 8 0
3 7 20 9
3 8 10 1
3 9 22 11
3 10 12 2
3 11 24 13
3 12 14 3
3 13 26 15
3 14 16 5
3 15 27 17
3 16 29 18
3 17 19 6
3 18 31 20
3 19 21 8
3 20 33 22
3 21 23 10
3 22 35 24
3 23 25 12
3 24 37 26
3 25 27 14
3 26 28 16
3 27 38 29
3 28 30 17
3 29 40 31
3 30 32 19
3 31 41 33
3 32 34 21
3 33 42 35
3 34 36 23
3 35 43 37
3 36 38 25
3 37 39 28
3 38 43 40
3 39 41 30
3 40 42 32
3 41 43 34
3 42 39 36
13
 5 7 9 11 13 19 23 27 29 33 37 40 42
44
3 4 7 1
3 0 9 2
3 1 11 3
3 2 13 4
3 3 5 0
3 4 15 6
3 5 18 7
3 6 8 0
3 7 20 9
3 8 10 1
3 9 22 11
3 10 12 2
3 11 24 13
3 12 14 3
3 13 26 15
3 14 16 5
3 15 27 17
3 16 30 18
3 17 19 6
3 18 31 20
3 19 21 8
3 20 33 22
3 21 23 10
3 22 35 24
3 23 25 12
3 24 37 26
3 25 27 14
3 26 28 16
3 27 38 29
3 28 40 30
3 29 31 17
3 30 32 19
3 31 41 33
3 32 34 21
3 33 42 35
3 34 36 23
3 35 43 37
3 36 38 25
3 37 39 28
3 38 43 40
3 39 41 29
3 40 42 32
3 41 43 34
3 42 39 36
13
 5 7 9 11 13 19 23 27 30 33 37 40 42
44
3 4 7 1
3 0 9 2
3 1 11 3
3 2 13 4
3 3 5 0
3 4 15 6
3 5 18 7
3 6 8 0
3 7 20 9
3 8 10 1
3 9 22 11
3 10 12 2
3 11 24 13
3 12 14 3
3 13 26 15
3 14 16 5
3 15 27 17
3 16 30 18
3 17 19 6
3 18 32 20
3 19 21 8
3 20 33 22
3 21 23 10
3 22 35 24
3 23 25 12
3 24 37 26
3 25 27 14
3 26 28 16
3 27 38 29
3 28 40 30
3 29 31 17
3 30 41 32
3 31 33 19
3 32 34 21
3 33 42 35
3 34 36 23
3 35 43 37
3 36 38 25
3 37 39 28
3 38 43 40
3 39 41 29
3 40 42 31
3 41 43 34
3 42 39 36
13
 5 7 9 11 13 19 23 27 30 33 37 40 42
44
3 4 7 1
3 0 9 2
3 1 11 3
3 2 13 4
3 3 5 0
3 4 15 6
3 5 18 7
3 6 8 0
3 7 20 9
3 8 10 1
3 9 22 11
3 10 12 2
3 11 24 13
3 12 14 3
3 13 26 15
3 14 16 5
3 15 28 17
3 16 30 18
3 17 19 6
3 18 31 20
3 19 21 8
3 20 33 22
3 21 23 10
3 22 35 24
3 23 25 12
3 24 37 26
3 25 27 14
3 26 38 28
3 27 29 16
3 28 40 30
3 29 31 17
3 30 32 19
3 31 41 33
3 32 34 21
3 33 42 35
3 34 36 23
3 35 43 37
3 36 38 25
3 37 39 27
3 38 43 40
3 39 41 29
3 40 42 32
3 41 43 34
3 42 39 36
12
 0 3 10 15 18 20 24 27 31 34 36 40
44
3 4 7 1
3 0 9 2
3 1 11 3
3 2 13 4
3 3 5 0
3 4 15 6
3 5 18 7
3 6 8 0
3 7 20 9
3 8 10 1
3 9 22 11
3 10 12 2
3 11 24 13
3 12 14 3
3 13 26 15
3 14 16 5
3 15 28 17
3 16 30 18
3 17 19 6
3 18 32 20
3 19 21 8
3 20 33 22
3 21 23 10
3 22 35 24
3 23 25 12
3 24 37 26
3 25 27 14
3 26 38 28
3 27 29 16
3 28 40 30
3 29 31 17
3 30 41 32
3 31 33 19
3 32 34 21
3 33 42 35
3 34 36 23
3 35 43 37
3 36 38 25
3 37 39 27
3 38 43 40
3 39 41 29
3 40 42 31
3 41 43 34
3 42 39 36
12
 2 4 8 14 18 22 24 28 31 34 37 39
44
3 4 7 1
3 0 9 2
3 1 11 3
3 2 13 4
3 3 5 0
3 4 15 6
3 5 18 7
3 6 8 0
3 7 20 9
3 8 10 1
3 9 22 11
3 10 12 2
3 11 24 13
3 12 14 3
3 13 26 15
3 14 16 5
3 15 28 17
3 16 30 18
3 17 19 6
3 18 32 20
3 19 21 8
3 20 34 22
3 21 23 10
3 22 35 24
3 23 25 12
3 24 37 26
3 25 27 14
3 26 39 28
3 27 29 16
3 28 40 30
3 29 31 17
3 30 41 32
3 31 33 19
3 32 43 34
3 33 35 21
3 34 36 23
3 35 43 37
3 36 38 25
3 37 42 39
3 38 40 27
3 39 41 29
3 40 42 31
3 41 38 43
3 42 36 33
12
 1 3 6 11 15 20 23 27 30 33 37 41
44
3 4 7 1
3 0 9 2
3 1 11 3
3 2 13 4
3 3 5 0
3 4 15 6
3 5 18 7
3 6 8 0
3 7 20 9
3 8 10 1
3 9 22 11
3 10 12 2
3 11 24 13
3 12 14 3
3 13 26 15
3 14 16 5
3 15 28 17
3 16 30 18
3 17 19 6
3 18 32 20
3 19 21 8
3 20 34 22
3 21 23 10
3 22 36 24
3 23 25 12
3 24 37 26
3 25 27 14
3 26 39 28
3 27 29 16
3 28 40 30
3 29 31 17
3 30 41 32
3 31 33 19
3 32 42 34
3 33 35 21
3 34 43 36
3 35 37 23
3 36 38 25
3 37 43 39
3 38 40 27
3 39 41 29
3 40 42 31
3 41 43 33
3 42 38 35
13
 5 7 9 11 13 19 23 26 28 30 34 38 41
44
3 4 7 1
3 0 9 2
3 1 11 3
3 2 13 4
3 3 5 0
3 4 15 6
3 5 18 7
3 6 8 0
3 7 20 9
3 8 10 1
3 9 22 11
3 10 12 2
3 11 24 13
3 12 14 3
3 13 26 15
3 14 16 5
3 15 28 17
3 16 31 18
3 17 19 6
3 18 32 20
3 19 21 8
3 20 34 22
3 21 23 10
3 22 36 24
3 23 25 12
3 24 37 26
3 25 27 14
3 26 39 28
3 27 29 16
3 28 40 30
3 29 42 31
3 30 32 17
3 31 33 19
3 32 42 34
3 33 35 21
3 34 43 36
3 35 37 23
3 36 38 25
3 37 43 39
3 38 40 27
3 39 41 29
3 40 43 42
3 41 33 30
3 41 38 35
13
 5 7 9 11 13 19 23 27 28 31 34 37 41
44
3 4 7 1
3 0 9 2
3 1 11 3
3 2 14 4
3 3 5 0
3 4 16 6
3 5 18 7
3 6 8 0
3 7 20 9
3 8 10 1
3 9 22 11
3 10 12 2
3 11 23 13
3 12 26 14
3 13 15 3
3 14 28 16
3 15 17 5
3 16 30 18
3 17 19 6
3 18 32 20
3 19 21 8
3 20 34 22
3 21 23 10
3 22 24 12
3 23 35 25
3 24 37 26
3 25 27 13
3 26 38 28
3 27 29 15
3 28 40 30
3 29 31 17
3 30 41 32
3 31 33 19
3 32 42 34
3 33 35 21
3 34 36 24
3 35 43 37
3 36 38 25
3 37 39 27
3 38 43 40
3 39 41 29
3 40 42 31
3 41 43 33
3 42 39 36
13
 5 7 9 11 14 19 23 27 30 34 37 40 42
44
3 4 7 1
3 0 9 2
3 1 11 3
3 2 14 4
3 3 5 0
3 4 16 6
3 5 18 7
3 6 8 0
3 7 20 9
3 8 10 1
3 9 22 11
3 10 12 2
3 11 23 13
3 12 26 14
3 13 15 3
3 14 28 16
3 15 17 5
3 16 30 18
3 17 19 6
3 18 32 20
3 19 21 8
3 20 34 22
3 21 23 10
3 22 24 12
3 23 35 25
3 24 38 26
3 25 27 13
3 26 39 28
3 27 29 15
3 28 40 30
3 29 31 17
3 30 42 32
3 31 33 19
3 32 43 34
3 33 35 21
3 34 36 24
3 35 43 37
3 36 41 38
3 37 39 25
3 38 40 27
3 39 41 29
3 40 37 42
3 41 43 31
3 42 36 33
13
 5 7 9 11 14 19 23 27 30 34 36 38 41
44
3 4 7 1
3 0 9 2
3 1 11 3
3 2 14 4
3 3 5 0
3 4 16 6
3 5 18 7
3 6 8 0
3 7 20 9
3 8 10 1
3 9 22 11
3 10 12 2
3 11 24 13
3 12 26 14
3 13 15 3
3 14 28 16
3 15 17 5
3 16 30 18
3 17 19 6
3 18 31 20
3 19 21 8
3 20 33 22
3 21 23 10
3 22 35 24
3 23 25 12
3 24 37 26
3 25 27 13
3 26 38 28
3 27 29 15
3 28 40 30
3 29 31 17
3 30 32 19
3 31 41 33
3 32 34 21
3 33 42 35
3 34 36 23
3 35 43 37
3 36 38 25
3 37 39 27
3 38 43 40
3 39 41 29
3 40 42 32
3 41 43 34
3 42 39 36
13
 5 7 9 11 14 19 23 27 30 33 37 40 42
44
3 4 7 1
3 0 9 2
3 1 11 3
3 2 14 4
3 3 5 0
3 4 16 6
3 5 18 7
3 6 8 0
3 7 20 9
3 8 10 1
3 9 22 11
3 10 12 2
3 11 24 13
3 12 26 14
3 13 15 3
3 14 28 16
3 15 17 5
3 16 30 18
3 17 19 6
3 18 32 20
3 19 21 8
3 20 33 22
3 21 23 10
3 22 35 24
3 23 25 12
3 24 37 26
3 25 27 13
3 26 38 28
3 27 29 15
3 28 40 30
3 29 31 17
3 30 41 32
3 31 33 19
3 32 34 21
3 33 42 35
3 34 36 23
3 35 43 37
3 36 38 25
3 37 39 27
3 38 43 40
3 39 41 29
3 40 42 31
3 41 43 34
3 42 39 36
13
 5 7 9 11 14 19 23 27 30 33 37 40 42
44
3 4 7 1
3 0 9 2
3 1 11 3
3 2 14 4
3 3 5 0
3 4 16 6
3 5 18 7
3 6 8 0
3 7 20 9
3 8 10 1
3 9 22 11
3 10 12 2
3 11 24 13
3 12 26 14
3 13 15 3
3 14 28 16
3 15 17 5
3 16 30 18
3 17 19 6
3 18 32 20
3 19 21 8
3 20 34 22
3 21 23 10
3 22 35 24
3 23 25 12
3 24 37 26
3 25 27 13
3 26 38 28
3 27 29 15
3 28 40 30
3 29 31 17
3 30 41 32
3 31 33 19
3 32 42 34
3 33 35 21
3 34 36 23
3 35 43 37
3 36 38 25
3 37 39 27
3 38 43 40
3 39 41 29
3 40 42 31
3 41 43 33
3 42 39 36
12
 1 5 6 10 14 20 24 27 30 33 36 40
44
3 4 7 1
3 0 9 2
3 1 11 3
3 2 14 4
3 3 5 0
3 4 16 6
3 5 18 7
3 6 8 0
3 7 20 9
3 8 10 1
3 9 22 11
3 10 12 2
3 11 24 13
3 12 26 14
3 13 15 3
3 14 28 16
3 15 17 5
3 16 30 18
3 17 19 6
3 18 32 20
3 19 21 8
3 20 34 22
3 21 23 10
3 22 36 24
3 23 25 12
3 24 37 26
3 25 27 13
3 26 38 28
3 27 29 15
3 28 40 30
3 29 31 17
3 30 41 32
3 31 33 19
3 32 42 34
3 33 35 21
3 34 43 36
3 35 37 23
3 36 38 25
3 37 39 27
3 38 43 40
3 39 41 29
3 40 42 31
3 41 43 33
3 42 39 35
13
 5 7 9 11 14 19 23 27 30 34 37 40 42
44
3 4 7 1
3 0 9 2
3 1 11 3
3 2 14 4
3 3 5 0
3 4 16 6
3 5 18 7
3 6 8 0
3 7 20 9
3 8 10 1
3 9 22 11
3 10 12 2
3 11 24 13
3 12 26 14
3 13 15 3
3 14 28 16
3 15 17 5
3 16 30 18
3 17 19 6
3 18 32 20
3 19 21 8
3 20 34 22
3 21 23 10
3 22 36 24
3 23 25 12
3 24 37 26
3 25 27 13
3 26 39 28
3 27 29 15
3 28 40 30
3 29 31 17
3 30 41 32
3 31 33 19
3 32 42 34
3 33 35 21
3 34 43 36
3 35 37 23
3 36 38 25
3 37 43 39
3 38 40 27
3 39 41 29
3 40 42 31
3 41 43 33
3 42 38 35
12
 4 7 9 11 15 19 23 26 30 34 38 41
44
3 4 7 1
3 0 9 2
3 1 11 3
3 2 14 4
3 3 5 0
3 4 16 6
3 5 18 7
3 6 8 0
3 7 20 9
3 8 10 1
3 9 22 11
3 10 12 2
3 11 24 13
3 12 27 14
3 13 15 3
3 14 28 16
3 15 17 5
3 16 30 18
3 17 19 6
3 18 32 20
3 19 21 8
3 20 34 22
3 21 23 10
3 22 36 24
3 23 25 12
3 24 37 26
3 25 39 27
3 26 28 13
3 27 29 15
3 28 40 30
3 29 31 17
3 30 41 32
3 31 33 19
3 32 42 34
3 33 35 21
3 34 43 36
3 35 37 23
3 36 38 25
3 37 43 39
3 38 40 26
3 39 41 29
3 40 42 31
3 41 43 33
3 42 38 35
12
 3 7 9 12 16 19 23 26 29 34 38 41
44
3 4 7 1
3 0 9 2
3 1 11 3
3 2 14 4
3 3 5 0
3 4 16 6
3 5 18 7
3 6 8 0
3 7 20 9
3 8 10 1
3 9 22 11
3 10 12 2
3 11 24 13
3 12 27 14
3 13 15 3
3 14 28 16
3 15 17 5
3 16 30 18
3 17 19 6
3 18 32 20
3 19 21 8
3 20 34 22
3 21 23 10
3 22 36 24
3 23 25 12
3 24 37 26
3 25 40 27
3 26 28 13
3 27 29 15
3 28 40 30
3 29 31 17
3 30 41 32
3 31 33 19
3 32 42 34
3 33 35 21
3 34 43 36
3 35 37 23
3 36 38 25
3 37 43 39
3 38 41 40
3 39 29 26
3 39 42 31
3 41 43 33
3 42 38 35
12
 3 7 9 12 16 19 23 26 29 34 38 41
44
3 4 7 1
3 0 9 2
3 1 11 3
3 2 14 4
3 3 5 0
3 4 16 6
3 5 18 7
3 6 8 0
3 7 20 9
3 8 10 1
3 9 22 11
3 10 12 2
3 11 24 13
3 12 27 14
3 13 15 3
3 14 29 16
3 15 17 5
3 16 30 18
3 17 19 6
3 18 32 20
3 19 21 8
3 20 34 22
3 21 23 10
3 22 36 24
3 23 25 12
3 24 37 26
3 25 39 27
3 26 28 13
3 27 40 29
3 28 30 15
3 29 31 17
3 30 41 32
3 31 33 19
3 32 42 34
3 33 35 21
3 34 43 36
3 35 37 23
3 36 38 25
3 37 43 39
3 38 40 26
3 39 41 28
3 40 42 31
3 41 43 33
3 42 38 35
12
 3 7 9 12 16 19 23 26 29 34 38 41
44
3 4 7 1
3 0 9 2
3 1 11 3
3 2 14 4
3 3 5 0
3 4 16 6
3 5 19 7
3 6 8 0
3 7 21 9
3 8 10 1
3 9 23 11
3 10 12 2
3 11 25 13
3 12 27 14
3 13 15 3
3 14 28 16
3 15 17 5
3 16 30 18
3 17 32 19
3 18 20 6
3 19 34 21
3 20 22 8
3 21 35 23
3 22 24 10
3 23 37 25
3 24 26 12
3 25 39 27
3 26 28 13
3 27 29 15
3 28 40 30
3 29 31 17
3 30 41 32
3 31 33 18
3 32 43 34
3 33 35 20
3 34 36 22
3 35 43 37
3 36 38 24
3 37 42 39
3 38 40 26
3 39 41 29
3 40 42 31
3 41 38 43
3 42 36 33
12
 3 7 9 12 16 20 24 26 29 32 35 42
44
3 4 7 1
3 0 9 2
3 1 11 3
3 2 14 4
3 3 5 0
3 4 16 6
3 5 19 7
3 6 8 0
3 7 21 9
3 8 10 1
3 9 23 11
3 10 12 2
3 11 25 13
3 12 27 14
3 13 15 3
3 14 28 16
3 15 17 5
3 16 30 18
3 17 32 19
3 18 20 6
3 19 34 21
3 20 22 8
3 21 36 23
3 22 24 10
3 23 37 25
3 24 26 12
3 25 39 27
3 26 28 13
3 27 29 15
3 28 40 30
3 29 31 17
3 30 41 32
3 31 33 18
3 32 42 34
3 33 35 20
3 34 43 36
3 35 37 22
3 36 38 24
3 37 43 39
3 38 40 26
3 39 41 29
3 40 42 31
3 41 43 33
3 42 38 35
13
 5 7 9 11 14 20 24 28 30 32 36 39 42
44
3 4 7 1
3 0 9 2
3 1 11 3
3 2 14 4
3 3 5 0
3 4 16 6
3 5 19 7
3 6 8 0
3 7 21 9
3 8 10 1
3 9 23 11
3 10 12 2
3 11 25 13
3 12 27 14
3 13 15 3
3 14 28 16
3 15 17 5
3 16 30 18
3 17 33 19
3 18 20 6
3 19 34 21
3 20 22 8
3 21 35 23
3 22 24 10
3 23 37 25
3 24 26 12
3 25 39 27
3 26 28 13
3 27 29 15
3 28 40 30
3 29 31 17
3 30 41 32
3 31 43 33
3 32 34 18
3 33 35 20
3 34 36 22
3 35 43 37
3 36 38 24
3 37 42 39
3 38 40 26
3 39 41 29
3 40 42 31
3 41 38 43
3 42 36 32
12
 1 3 6 12 17 21 23 28 33 36 39 41
44
3 4 7 1
3 0 9 2
3 1 11 3
3 2 14 4
3 3 5 0
3 4 16 6
3 5 19 7
3 6 8 0
3 7 21 9
3 8 10 1
3 9 23 11
3 10 12 2
3 11 25 13
3 12 27 14
3 13 15 3
3 14 28 16
3 15 17 5
3 16 30 18
3 17 33 19
3 18 20 6
3 19 34 21
3 20 22 8
3 21 36 23
3 22 24 10
3 23 37 25
3 24 26 12
3 25 39 27
3 26 28 13
3 27 29 15
3 28 40 30
3 29 31 17
3 30 41 32
3 31 43 33
3 32 34 18
3 33 35 20
3 34 43 36
3 35 37 22
3 36 38 24
3 37 42 39
3 38 40 26
3 39 41 29
3 40 42 31
3 41 38 43
3 42 35 32
13
 5 7 9 11 14 20 24 28 30 33 36 39 42
44
3 4 7 1
3 0 9 2
3 1 11 3
3 2 14 4
3 3 5 0
3 4 16 6
3 5 19 7
3 6 8 0
3 7 21 9
3 8 10 1
3 9 23 11
3 10 12 2
3 11 25 13
3 12 27 14
3 13 15 3
3 14 28 16
3 15 17 5
3 16 30 18
3 17 33 19
3 18 20 6
3 19 34 21
3 20 22 8
3 21 36 23
3 22 24 10
3 23 38 25
3 24 26 12
3 25 39 27
3 26 28 13
3 27 29 15
3 28 40 30
3 29 31 17
3 30 41 32
3 31 43 33
3 32 34 18
3 33 35 20
3 34 43 36
3 35 37 22
3 36 42 38
3 37 39 24
3 38 40 26
3 39 41 29
3 40 42 31
3 41 37 43
3 42 35 32
12
 1 3 6 12 17 21 23 28 32 35 39 42
44
3 4 7 1
3 0 9 2
3 1 11 3
3 2 14 4
3 3 5 0
3 4 16 6
3 5 19 7
3 6 8 0
3 7 21 9
3 8 10 1
3 9 23 11
3 10 12 2
3 11 25 13
3 12 27 14
3 13 15 3
3 14 29 16
3 15 17 5
3 16 30 18
3 17 32 19
3 18 20 6
3 19 33 21
3 20 22 8
3 21 35 23
3 22 24 10
3 23 37 25
3 24 26 12
3 25 38 27
3 26 28 13
3 27 40 29
3 28 30 15
3 29 31 17
3 30 41 32
3 31 33 18
3 32 34 20
3 33 42 35
3 34 36 22
3 35 43 37
3 36 38 24
3 37 39 26
3 38 43 40
3 39 41 28
3 40 42 31
3 41 43 34
3 42 39 36
12
 1 3 8 12 16 19 23 28 31 34 36 38
44
3 4 7 1
3 0 9 2
3 1 11 3
3 2 14 4
3 3 5 0
3 4 16 6
3 5 19 7
3 6 8 0
3 7 21 9
3 8 10 1
3 9 23 11
3 10 12 2
3 11 25 13
3 12 27 14
3 13 15 3
3 14 29 16
3 15 17 5
3 16 30 18
3 17 32 19
3 18 20 6
3 19 34 21
3 20 22 8
3 21 35 23
3 22 24 10
3 23 37 25
3 24 26 12
3 25 38 27
3 26 28 13
3 27 40 29
3 28 30 15
3 29 31 17
3 30 41 32
3 31 33 18
3 32 42 34
3 33 35 20
3 34 36 22
3 35 43 37
3 36 38 24
3 37 39 26
3 38 43 40
3 39 41 28
3 40 42 31
3 41 43 33
3 42 39 36
12
 2 4 8 13 16 19 23 26 30 33 36 40
44
3 4 7 1
3 0 9 2
3 1 11 3
3 2 14 4
3 3 5 0
3 4 16 6
3 5 19 7
3 6 8 0
3 7 21 9
3 8 10 1
3 9 23 11
3 10 12 2
3 11 25 13
3 12 27 14
3 13 15 3
3 14 29 16
3 15 17 5
3 16 30 18
3 17 32 19
3 18 20 6
3 19 34 21
3 20 22 8
3 21 35 23
3 22 24 10
3 23 37 25
3 24 26 12
3 25 39 27
3 26 28 13
3 27 40 29
3 28 30 15
3 29 31 17
3 30 41 32
3 31 33 18
3 32 43 34
3 33 35 20
3 34 36 22
3 35 43 37
3 36 38 24
3 37 42 39
3 38 40 26
3 39 41 28
3 40 42 31
3 41 38 43
3 42 36 33
12
 3 7 9 12 16 19 22 26 29 33 37 41
44
3 4 7 1
3 0 9 2
3 1 11 3
3 2 14 4
3 3 5 0
3 4 16 6
3 5 19 7
3 6 8 0
3 7 21 9
3 8 10 1
3 9 23 11
3 10 12 2
3 11 25 13
3 12 27 14
3 13 15 3
3 14 29 16
3 15 17 5
3 16 30 18
3 17 32 19
3 18 20 6
3 19 34 21
3 20 22 8
3 21 36 23
3 22 24 10
3 23 37 25
3 24 26 12
3 25 39 27
3 26 28 13
3 27 40 29
3 28 30 15
3 29 31 17
3 30 41 32
3 31 33 18
3 32 42 34
3 33 35 20
3 34 43 36
3 35 37 22
3 36 38 24
3 37 43 39
3 38 40 26
3 39 41 28
3 40 42 31
3 41 43 33
3 42 38 35
12
 2 5 7 10 13 18 22 25 29 34 38 41
44
3 4 7 1
3 0 9 2
3 1 11 3
3 2 14 4
3 3 5 0
3 4 16 6
3 5 19 7
3 6 8 0
3 7 21 9
3 8 10 1
3 9 23 11
3 10 12 2
3 11 25 13
3 12 27 14
3 13 15 3
3 14 29 16
3 15 17 5
3 16 30 18
3 17 32 19
3 18 20 6
3 19 34 21
3 20 22 8
3 21 36 23
3 22 24 10
3 23 37 25
3 24 26 12
3 25 39 27
3 26 28 13
3 27 41 29
3 28 30 15
3 29 31 17
3 30 41 32
3 31 33 18
3 32 42 34
3 33 35 20
3 34 43 36
3 35 37 22
3 36 38 24
3 37 43 39
3 38 40 26
3 39 42 41
3 40 31 28
3 40 43 33
3 42 38 35
13
 5 7 9 11 14 20 24 28 30 32 36 39 42
44
3 4 7 1
3 0 9 2
3 1 11 3
3 2 14 4
3 3 5 0
3 4 16 6
3 5 19 7
3 6 8 0
3 7 21 9
3 8 10 1
3 9 23 11
3 10 12 2
3 11 25 13
3 12 27 14
3 13 15 3
3 14 29 16
3 15 17 5
3 16 30 18
3 17 33 19
3 18 20 6
3 19 34 21
3 20 22 8
3 21 36 23
3 22 24 10
3 23 37 25
3 24 26 12
3 25 39 27
3 26 28 13
3 27 40 29
3 28 30 15
3 29 31 17
3 30 41 32
3 31 43 33
3 32 34 18
3 33 35 20
3 34 43 36
3 35 37 22
3 36 38 24
3 37 42 39
3 38 40 26
3 39 41 28
3 40 42 31
3 41 38 43
3 42 35 32
12
 2 5 7 10 14 18 21 25 28 31 35 38
44
3 4 7 1
3 0 9 2
3 1 11 3
3 2 14 4
3 3 5 0
3 4 16 6
3 5 19 7
3 6 8 0
3 7 21 9
3 8 10 1
3 9 23 11
3 10 12 2
3 11 25 13
3 12 27 14
3 13 15 3
3 14 29 16
3 15 17 5
3 16 30 18
3 17 33 19
3 18 20 6
3 19 35 21
3 20 22 8
3 21 36 23
3 22 24 10
3 23 38 25
3 24 26 12
3 25 40 27
3 26 28 13
3 27 41 29
3 28 30 15
3 29 31 17
3 30 41 32
3 31 42 33
3 32 34 18
3 33 43 35
3 34 36 20
3 35 37 22
3 36 43 38
3 37 39 24
3 38 42 40
3 39 41 26
3 40 31 28
3 39 43 32
3 42 37 34
13
 5 7 9 11 14 20 24 28 30 33 36 40 42
44
3 4 7 1
3 0 9 2
3 1 11 3
3 2 14 4
3 3 5 0
3 4 16 6
3 5 19 7
3 6 8 0
3 7 21 9
3 8 10 1
3 9 23 11
3 10 12 2
3 11 25 13
3 12 27 14
3 13 15 3
3 14 29 16
3 15 17 5
3 16 31 18
3 17 33 19
3 18 20 6
3 19 34 21
3 20 22 8
3 21 36 23
3 22 24 10
3 23 38 25
3 24 26 12
3 25 39 27
3 26 28 13
3 27 40 29
3 28 30 15
3 29 41 31
3 30 32 17
3 31 43 33
3 32 34 18
3 33 35 20
3 34 43 36
3 35 37 22
3 36 42 38
3 37 39 24
3 38 40 26
3 39 41 28
3 40 42 30
3 41 37 43
3 42 35 32
13
 5 7 9 11 14 20 24 28 31 33 36 39 42
44
3 4 7 1
3 0 9 2
3 1 11 3
3 2 14 4
3 3 5 0
3 4 16 6
3 5 19 7
3 6 8 0
3 7 21 9
3 8 10 1
3 9 23 11
3 10 12 2
3 11 25 13
3 12 27 14
3 13 15 3
3 14 29 16
3 15 17 5
3 16 31 18
3 17 33 19
3 18 20 6
3 19 34 21
3 20 22 8
3 21 36 23
3 22 24 10
3 23 38 25
3 24 26 12
3 25 39 27
3 26 28 13
3 27 40 29
3 28 30 15
3 29 42 31
3 30 32 17
3 31 43 33
3 32 34 18
3 33 35 20
3 34 43 36
3 35 37 22
3 36 41 38
3 37 39 24
3 38 40 26
3 39 41 28
3 40 37 42
3 41 43 30
3 42 35 32
13
 5 7 9 11 14 20 24 28 31 33 36 39 42
44
3 4 7 1
3 0 9 2
3 1 11 3
3 2 14 4
3 3 5 0
3 4 16 6
3 5 19 7
3 6 8 0
3 7 21 9
3 8 10 1
3 9 23 11
3 10 12 2
3 11 25 13
3 12 28 14
3 13 15 3
3 14 29 16
3 15 17 5
3 16 31 18
3 17 33 19
3 18 20 6
3 19 35 21
3 20 22 8
3 21 36 23
3 22 24 10
3 23 38 25
3 24 26 12
3 25 39 27
3 26 41 28
3 27 29 13
3 28 30 15
3 29 41 31
3 30 32 17
3 31 42 33
3 32 34 18
3 33 43 35
3 34 36 20
3 35 37 22
3 36 43 38
3 37 39 24
3 38 40 26
3 39 42 41
3 40 30 27
3 40 43 32
3 42 37 34
12
 3 7 9 12 16 20 23 27 30 33 37 40
44
3 4 7 1
3 0 9 2
3 1 12 3
3 2 14 4
3 3 5 0
3 4 16 6
3 5 18 7
3 6 8 0
3 7 20 9
3 8 10 1
3 9 21 11
3 10 24 12
3 11 13 2
3 12 26 14
3 13 15 3
3 14 28 16
3 15 17 5
3 16 30 18
3 17 19 6
3 18 32 20
3 19 21 8
3 20 22 10
3 21 33 23
3 22 35 24
3 23 25 11
3 24 37 26
3 25 27 13
3 26 38 28
3 27 29 15
3 28 40 30
3 29 31 17
3 30 41 32
3 31 33 19
3 32 34 22
3 33 42 35
3 34 36 23
3 35 43 37
3 36 38 25
3 37 39 27
3 38 43 40
3 39 41 29
3 40 42 31
3 41 43 34
3 42 39 36
12
 1 4 7 13 17 21 24 28 32 36 39 42
44
3 4 7 1
3 0 9 2
3 1 12 3
3 2 14 4
3 3 5 0
3 4 16 6
3 5 18 7
3 6 8 0
3 7 20 9
3 8 10 1
3 9 21 11
3 10 24 12
3 11 13 2
3 12 26 14
3 13 15 3
3 14 28 16
3 15 17 5
3 16 30 18
3 17 19 6
3 18 32 20
3 19 21 8
3 20 22 10
3 21 33 23
3 22 36 24
3 23 25 11
3 24 37 26
3 25 27 13
3 26 39 28
3 27 29 15
3 28 40 30
3 29 31 17
3 30 42 32
3 31 33 19
3 32 34 22
3 33 42 35
3 34 43 36
3 35 37 23
3 36 38 25
3 37 43 39
3 38 40 27
3 39 41 29
3 40 43 42
3 41 34 31
3 41 38 35
12
 4 8 9 12 15 18 22 25 31 35 39 40
44
3 4 7 1
3 0 9 2
3 1 12 3
3 2 14 4
3 3 5 0
3 4 16 6
3 5 18 7
3 6 8 0
3 7 20 9
3 8 10 1
3 9 22 11
3 10 24 12
3 11 13 2
3 12 26 14
3 13 15 3
3 14 28 16
3 15 17 5
3 16 30 18
3 17 19 6
3 18 32 20
3 19 21 8
3 20 33 22
3 21 23 10
3 22 35 24
3 23 25 11
3 24 37 26
3 25 27 13
3 26 38 28
3 27 29 15
3 28 40 30
3 29 31 17
3 30 41 32
3 31 33 19
3 32 34 21
3 33 42 35
3 34 36 23
3 35 43 37
3 36 38 25
3 37 39 27
3 38 43 40
3 39 41 29
3 40 42 31
3 41 43 34
3 42 39 36
13
 5 7 9 12 14 19 23 27 30 33 37 40 42
44
3 4 7 1
3 0 9 2
3 1 12 3
3 2 14 4
3 3 5 0
3 4 16 6
3 5 18 7
3 6 8 0
3 7 20 9
3 8 10 1
3 9 22 11
3 10 24 12
3 11 13 2
3 12 26 14
3 13 15 3
3 14 28 16
3 15 17 5
3 16 30 18
3 17 19 6
3 18 32 20
3 19 21 8
3 20 34 22
3 21 23 10
3 22 35 24
3 23 25 11
3 24 37 26
3 25 27 13
3 26 38 28
3 27 29 15
3 28 40 30
3 29 31 17
3 30 41 32
3 31 33 19
3 32 42 34
3 33 35 21
3 34 36 23
3 35 43 37
3 36 38 25
3 37 39 27
3 38 43 40
3 39 41 29
3 40 42 31
3 41 43 33
3 42 39 36
13
 5 7 9 12 14 19 23 27 30 34 37 40 42
44
3 4 7 1
3 0 9 2
3 1 12 3
3 2 14 4
3 3 5 0
3 4 16 6
3 5 18 7
3 6 8 0
3 7 20 9
3 8 10 1
3 9 22 11
3 10 24 12
3 11 13 2
3 12 26 14
3 13 15 3
3 14 28 16
3 15 17 5
3 16 30 18
3 17 19 6
3 18 32 20
3 19 21 8
3 20 34 22
3 21 23 10
3 22 35 24
3 23 25 11
3 24 37 26
3 25 27 13
3 26 39 28
3 27 29 15
3 28 40 30
3 29 31 17
3 30 41 32
3 31 33 19
3 32 43 34
3 33 35 21
3 34 36 23
3 35 43 37
3 36 38 25
3 37 42 39
3 38 40 27
3 39 41 29
3 40 42 31
3 41 38 43
3 42 36 33
12
 4 6 9 12 15 21 25 30 32 35 39 42
44
3 4 7 1
3 0 9 2
3 1 12 3
3 2 14 4
3 3 5 0
3 4 16 6
3 5 18 7
3 6 8 0
3 7 20 9
3 8 10 1
3 9 22 11
3 10 24 12
3 11 13 2
3 12 26 14
3 13 15 3
3 14 28 16
3 15 17 5
3 16 30 18
3 17 19 6
3 18 32 20
3 19 21 8
3 20 34 22
3 21 23 10
3 22 36 24
3 23 25 11
3 24 37 26
3 25 27 13
3 26 39 28
3 27 29 15
3 28 40 30
3 29 31 17
3 30 41 32
3 31 33 19
3 32 42 34
3 33 35 21
3 34 43 36
3 35 37 23
3 36 38 25
3 37 43 39
3 38 40 27
3 39 41 29
3 40 42 31
3 41 43 33
3 42 38 35
12
 4 7 9 12 15 19 23 26 30 34 38 41
44
3 4 7 1
3 0 9 2
3 1 12 3
3 2 14 4
3 3 5 0
3 4 16 6
3 5 18 7
3 6 8 0
3 7 20 9
3 8 10 1
3 9 22 11
3 10 25 12
3 11 13 2
3 12 26 14
3 13 15 3
3 14 28 16
3 15 17 5
3 16 30 18
3 17 19 6
3 18 32 20
3 19 21 8
3 20 34 22
3 21 23 10
3 22 35 24
3 23 37 25
3 24 26 11
3 25 27 13
3 26 38 28
3 27 29 15
3 28 40 30
3 29 31 17
3 30 41 32
3 31 33 19
3 32 42 34
3 33 35 21
3 34 36 23
3 35 43 37
3 36 38 24
3 37 39 27
3 38 43 40
3 39 41 29
3 40 42 31
3 41 43 33
3 42 39 36
12
 1 5 6 11 14 20 23 27 30 33 36 40
44
3 4 7 1
3 0 9 2
3 1 12 3
3 2 14 4
3 3 5 0
3 4 16 6
3 5 18 7
3 6 8 0
3 7 20 9
3 8 10 1
3 9 22 11
3 10 25 12
3 11 13 2
3 12 26 14
3 13 15 3
3 14 28 16
3 15 17 5
3 16 30 18
3 17 19 6
3 18 32 20
3 19 21 8
3 20 34 22
3 21 23 10
3 22 35 24
3 23 38 25
3 24 26 11
3 25 27 13
3 26 39 28
3 27 29 15
3 28 40 30
3 29 31 17
3 30 42 32
3 31 33 19
3 32 43 34
3 33 35 21
3 34 36 23
3 35 43 37
3 36 41 38
3 37 39 24
3 38 40 27
3 39 41 29
3 40 37 42
3 41 43 31
3 42 36 33
12
 4 6 9 12 15 21 24 27 30 32 36 41
44
3 4 7 1
3 0 9 2
3 1 12 3
3 2 14 4
3 3 5 0
3 4 16 6
3 5 18 7
3 6 8 0
3 7 20 9
3 8 10 1
3 9 22 11
3 10 25 12
3 11 13 2
3 12 27 14
3 13 15 3
3 14 28 16
3 15 17 5
3 16 30 18
3 17 19 6
3 18 32 20
3 19 21 8
3 20 34 22
3 21 23 10
3 22 35 24
3 23 38 25
3 24 26 11
3 25 39 27
3 26 28 13
3 27 29 15
3 28 40 30
3 29 31 17
3 30 42 32
3 31 33 19
3 32 43 34
3 33 35 21
3 34 36 23
3 35 43 37
3 36 41 38
3 37 39 24
3 38 40 26
3 39 41 29
3 40 37 42
3 41 43 31
3 42 36 33
12
 4 6 9 12 15 21 24 26 30 32 36 41
44
3 4 7 1
3 0 9 2
3 1 12 3
3 2 14 4
3 3 5 0
3 4 16 6
3 5 19 7
3 6 8 0
3 7 21 9
3 8 10 1
3 9 23 11
3 10 25 12
3 11 13 2
3 12 26 14
3 13 15 3
3 14 28 16
3 15 17 5
3 16 30 18
3 17 32 19
3 18 20 6
3 19 33 21
3 20 22 8
3 21 35 23
3 22 24 10
3 23 37 25
3 24 26 11
3 25 27 13
3 26 38 28
3 27 29 15
3 28 40 30
3 29 31 17
3 30 41 32
3 31 33 18
3 32 34 20
3 33 42 35
3 34 36 22
3 35 43 37
3 36 38 24
3 37 39 27
3 38 43 40
3 39 41 29
3 40 42 31
3 41 43 34
3 42 39 36
13
 5 7 9 12 14 20 24 27 30 32 35 40 42
44
3 4 7 1
3 0 9 2
3 1 12 3
3 2 14 4
3 3 5 0
3 4 16 6
3 5 19 7
3 6 8 0
3 7 21 9
3 8 10 1
3 9 23 11
3 10 25 12
3 11 13 2
3 12 27 14
3 13 15 3
3 14 28 16
3 15 17 5
3 16 30 18
3 17 32 19
3 18 20 6
3 19 34 21
3 20 22 8
3 21 35 23
3 22 24 10
3 23 37 25
3 24 26 11
3 25 39 27
3 26 28 13
3 27 29 15
3 28 40 30
3 29 31 17
3 30 41 32
3 31 33 18
3 32 43 34
3 33 35 20
3 34 36 22
3 35 43 37
3 36 38 24
3 37 42 39
3 38 40 26
3 39 41 29
3 40 42 31
3 41 38 43
3 42 36 33
12
 4 8 9 12 15 19 22 26 30 33 37 41
44
3 4 7 1
3 0 9 2
3 1 12 3
3 2 14 4
3 3 5 0
3 4 16 6
3 5 19 7
3 6 8 0
3 7 21 9
3 8 10 1
3 9 23 11
3 10 25 12
3 11 13 2
3 12 27 14
3 13 15 3
3 14 28 16
3 15 17 5
3 16 30 18
3 17 32 19
3 18 20 6
3 19 34 21
3 20 22 8
3 21 36 23
3 22 24 10
3 23 37 25
3 24 26 11
3 25 39 27
3 26 28 13
3 27 29 15
3 28 40 30
3 29 31 17
3 30 41 32
3 31 33 18
3 32 42 34
3 33 35 20
3 34 43 36
3 35 37 22
3 36 38 24
3 37 43 39
3 38 40 26
3 39 41 29
3 40 42 31
3 41 43 33
3 42 38 35
12
 3 7 9 13 16 18 22 25 29 34 38 41
44
3 4 7 1
3 0 9 2
3 1 12 3
3 2 14 4
3 3 5 0
3 4 16 6
3 5 19 7
3 6 8 0
3 7 21 9
3 8 10 1
3 9 23 11
3 10 25 12
3 11 13 2
3 12 27 14
3 13 15 3
3 14 28 16
3 15 17 5
3 16 30 18
3 17 33 19
3 18 20 6
3 19 34 21
3 20 22 8
3 21 36 23
3 22 24 10
3 23 37 25
3 24 26 11
3 25 39 27
3 26 28 13
3 27 29 15
3 28 40 30
3 29 31 17
3 30 41 32
3 31 43 33
3 32 34 18
3 33 35 20
3 34 43 36
3 35 37 22
3 36 38 24
3 37 42 39
3 38 40 26
3 39 41 29
3 40 42 31
3 41 38 43
3 42 35 32
13
 5 7 9 12 14 20 24 28 30 33 36 39 42
44
3 4 7 1
3 0 9 2
3 1 12 3
3 2 14 4
3 3 5 0
3 4 16 6
3 5 19 7
3 6 8 0
3 7 21 9
3 8 10 1
3 9 23 11
3 10 25 12
3 11 13 2
3 12 27 14
3 13 15 3
3 14 29 16
3 15 17 5
3 16 30 18
3 17 32 19
3 18 20 6
3 19 33 21
3 20 22 8
3 21 35 23
3 22 24 10
3 23 37 25
3 24 26 11
3 25 38 27
3 26 28 13
3 27 40 29
3 28 30 15
3 29 31 17
3 30 41 32
3 31 33 18
3 32 34 20
3 33 42 35
3 34 36 22
3 35 43 37
3 36 38 24
3 37 39 26
3 38 43 40
3 39 41 28
3 40 42 31
3 41 43 34
3 42 39 36
13
 5 7 9 12 14 20 24 28 30 32 35 38 42
44
3 4 7 1
3 0 9 2
3 1 12 3
3 2 14 4
3 3 5 0
3 4 16 6
3 5 19 7
3 6 8 0
3 7 21 9
3 8 10 1
3 9 23 11
3 10 25 12
3 11 13 2
3 12 27 14
3 13 15 3
3 14 29 16
3 15 17 5
3 16 30 18
3 17 32 19
3 18 20 6
3 19 34 21
3 20 22 8
3 21 35 23
3 22 24 10
3 23 37 25
3 24 26 11
3 25 38 27
3 26 28 13
3 27 40 29
3 28 30 15
3 29 31 17
3 30 41 32
3 31 33 18
3 32 42 34
3 33 35 20
3 34 36 22
3 35 43 37
3 36 38 24
3 37 39 26
3 38 43 40
3 39 41 28
3 40 42 31
3 41 43 33
3 42 39 36
12
 4 8 9 12 15 19 23 26 30 33 36 40
44
3 4 7 1
3 0 9 2
3 1 12 3
3 2 14 4
3 3 5 0
3 4 16 6
3 5 19 7
3 6 8 0
3 7 21 9
3 8 10 1
3 9 23 11
3 10 25 12
3 11 13 2
3 12 27 14
3 13 15 3
3 14 29 16
3 15 17 5
3 16 30 18
3 17 32 19
3 18 20 6
3 19 34 21
3 20 22 8
3 21 35 23
3 22 24 10
3 23 37 25
3 24 26 11
3 25 39 27
3 26 28 13
3 27 40 29
3 28 30 15
3 29 31 17
3 30 41 32
3 31 33 18
3 32 43 34
3 33 35 20
3 34 36 22
3 35 43 37
3 36 38 24
3 37 42 39
3 38 40 26
3 39 41 28
3 40 42 31
3 41 38 43
3 42 36 33
12
 3 7 9 12 16 19 22 26 29 33 37 41
44
3 4 7 1
3 0 9 2
3 1 12 3
3 2 14 4
3 3 5 0
3 4 16 6
3 5 19 7
3 6 8 0
3 7 21 9
3 8 10 1
3 9 23 11
3 10 25 12
3 11 13 2
3 12 27 14
3 13 15 3
3 14 29 16
3 15 17 5
3 16 30 18
3 17 32 19
3 18 20 6
3 19 34 21
3 20 22 8
3 21 36 23
3 22 24 10
3 23 37 25
3 24 26 11
3 25 38 27
3 26 28 13
3 27 40 29
3 28 30 15
3 29 31 17
3 30 41 32
3 31 33 18
3 32 42 34
3 33 35 20
3 34 43 36
3 35 37 22
3 36 38 24
3 37 39 26
3 38 43 40
3 39 41 28
3 40 42 31
3 41 43 33
3 42 39 35
13
 5 7 9 12 14 20 24 28 30 32 36 38 42
44
3 4 7 1
3 0 9 2
3 1 12 3
3 2 14 4
3 3 5 0
3 4 16 6
3 5 19 7
3 6 8 0
3 7 21 9
3 8 10 1
3 9 23 11
3 10 25 12
3 11 13 2
3 12 27 14
3 13 15 3
3 14 29 16
3 15 17 5
3 16 30 18
3 17 32 19
3 18 20 6
3 19 34 21
3 20 22 8
3 21 36 23
3 22 24 10
3 23 37 25
3 24 26 11
3 25 39 27
3 26 28 13
3 27 40 29
3 28 30 15
3 29 31 17
3 30 41 32
3 31 33 18
3 32 42 34
3 33 35 20
3 34 43 36
3 35 37 22
3 36 38 24
3 37 43 39
3 38 40 26
3 39 41 28
3 40 42 31
3 41 43 33
3 42 38 35
12
 3 7 9 13 16 18 22 25 29 34 38 41
44
3 4 7 1
3 0 9 2
3 1 12 3
3 2 14 4
3 3 5 0
3 4 16 6
3 5 19 7
3 6 8 0
3 7 21 9
3 8 10 1
3 9 23 11
3 10 25 12
3 11 13 2
3 12 27 14
3 13 15 3
3 14 29 16
3 15 17 5
3 16 30 18
3 17 33 19
3 18 20 6
3 19 34 21
3 20 22 8
3 21 35 23
3 22 24 10
3 23 37 25
3 24 26 11
3 25 39 27
3 26 28 13
3 27 40 29
3 28 30 15
3 29 31 17
3 30 41 32
3 31 43 33
3 32 34 18
3 33 35 20
3 34 36 22
3 35 43 37
3 36 38 24
3 37 42 39
3 38 40 26
3 39 41 28
3 40 42 31
3 41 38 43
3 42 36 32
13
 5 7 9 12 14 20 24 28 30 33 35 39 42
44
3 4 7 1
3 0 9 2
3 1 12 3
3 2 14 4
3 3 5 0
3 4 16 6
3 5 19 7
3 6 8 0
3 7 21 9
3 8 10 1
3 9 23 11
3 10 25 12
3 11 13 2
3 12 27 14
3 13 15 3
3 14 29 16
3 15 17 5
3 16 30 18
3 17 33 19
3 18 20 6
3 19 34 21
3 20 22 8
3 21 36 23
3 22 24 10
3 23 38 25
3 24 26 11
3 25 39 27
3 26 28 13
3 27 40 29
3 28 30 15
3 29 31 17
3 30 41 32
3 31 43 33
3 32 34 18
3 33 35 20
3 34 43 36
3 35 37 22
3 36 42 38
3 37 39 24
3 38 40 26
3 39 41 28
3 40 42 31
3 41 37 43
3 42 35 32
13
 5 7 9 12 14 20 24 28 30 33 36 39 42
44
3 4 7 1
3 0 9 2
3 1 12 3
3 2 14 4
3 3 5 0
3 4 16 6
3 5 19 7
3 6 8 0
3 7 21 9
3 8 10 1
3 9 23 11
3 10 25 12
3 11 13 2
3 12 27 14
3 13 15 3
3 14 29 16
3 15 17 5
3 16 30 18
3 17 33 19
3 18 20 6
3 19 34 21
3 20 22 8
3 21 36 23
3 22 24 10
3 23 38 25
3 24 26 11
3 25 39 27
3 26 28 13
3 27 41 29
3 28 30 15
3 29 31 17
3 30 41 32
3 31 43 33
3 32 34 18
3 33 35 20
3 34 43 36
3 35 37 22
3 36 42 38
3 37 39 24
3 38 40 26
3 39 42 41
3 40 31 28
3 40 37 43
3 42 35 32
12
 4 7 9 12 15 17 20 24 27 32 36 40
44
3 4 7 1
3 0 9 2
3 1 12 3
3 2 14 4
3 3 5 0
3 4 16 6
3 5 19 7
3 6 8 0
3 7 21 9
3 8 10 1
3 9 23 11
3 10 25 12
3 11 13 2
3 12 27 14
3 13 15 3
3 14 29 16
3 15 17 5
3 16 31 18
3 17 33 19
3 18 20 6
3 19 34 21
3 20 22 8
3 21 36 23
3 22 24 10
3 23 37 25
3 24 26 11
3 25 38 27
3 26 28 13
3 27 40 29
3 28 30 15
3 29 41 31
3 30 32 17
3 31 42 33
3 32 34 18
3 33 35 20
3 34 43 36
3 35 37 22
3 36 38 24
3 37 39 26
3 38 43 40
3 39 41 28
3 40 42 30
3 41 43 32
3 42 39 35
13
 5 7 9 12 14 20 24 28 31 33 36 38 42
44
3 4 7 1
3 0 9 2
3 1 12 3
3 2 14 4
3 3 5 0
3 4 16 6
3 5 19 7
3 6 8 0
3 7 21 9
3 8 10 1
3 9 23 11
3 10 25 12
3 11 13 2
3 12 27 14
3 13 15 3
3 14 29 16
3 15 17 5
3 16 31 18
3 17 33 19
3 18 20 6
3 19 34 21
3 20 22 8
3 21 36 23
3 22 24 10
3 23 37 25
3 24 26 11
3 25 39 27
3 26 28 13
3 27 40 29
3 28 30 15
3 29 41 31
3 30 32 17
3 31 42 33
3 32 34 18
3 33 35 20
3 34 43 36
3 35 37 22
3 36 38 24
3 37 43 39
3 38 40 26
3 39 41 28
3 40 42 30
3 41 43 32
3 42 38 35
12
 4 6 9 12 13 17 22 24 29 34 39 42
44
3 4 7 1
3 0 9 2
3 1 12 3
3 2 14 4
3 3 5 0
3 4 16 6
3 5 19 7
3 6 8 0
3 7 21 9
3 8 10 1
3 9 23 11
3 10 25 12
3 11 13 2
3 12 27 14
3 13 15 3
3 14 29 16
3 15 17 5
3 16 31 18
3 17 33 19
3 18 20 6
3 19 34 21
3 20 22 8
3 21 36 23
3 22 24 10
3 23 37 25
3 24 26 11
3 25 39 27
3 26 28 13
3 27 40 29
3 28 30 15
3 29 41 31
3 30 32 17
3 31 43 33
3 32 34 18
3 33 35 20
3 34 43 36
3 35 37 22
3 36 38 24
3 37 42 39
3 38 40 26
3 39 41 28
3 40 42 30
3 41 38 43
3 42 35 32
13
 5 7 9 12 14 20 24 28 31 33 36 39 42
44
3 4 7 1
3 0 9 2
3 1 12 3
3 2 14 4
3 3 5 0
3 4 16 6
3 5 19 7
3 6 8 0
3 7 21 9
3 8 10 1
3 9 23 11
3 10 25 12
3 11 13 2
3 12 27 14
3 13 15 3
3 14 29 16
3 15 17 5
3 16 31 18
3 17 33 19
3 18 20 6
3 19 34 21
3 20 22 8
3 21 36 23
3 22 24 10
3 23 38 25
3 24 26 11
3 25 39 27
3 26 28 13
3 27 40 29
3 28 30 15
3 29 41 31
3 30 32 17
3 31 43 33
3 32 34 18
3 33 35 20
3 34 43 36
3 35 37 22
3 36 42 38
3 37 39 24
3 38 40 26
3 39 41 28
3 40 42 30
3 41 37 43
3 42 35 32
12
 1 4 7 11 15 18 22 27 32 34 38 41
44
3 4 7 1
3 0 9 2
3 1 12 3
3 2 14 4
3 3 5 0
3 4 16 6
3 5 19 7
3 6 8 0
3 7 21 9
3 8 10 1
3 9 23 11
3 10 25 12
3 11 13 2
3 12 27 14
3 13 15 3
3 14 29 16
3 15 17 5
3 16 31 18
3 17 33 19
3 18 20 6
3 19 35 21
3 20 22 8
3 21 36 23
3 22 24 10
3 23 37 25
3 24 26 11
3 25 39 27
3 26 28 13
3 27 40 29
3 28 30 15
3 29 41 31
3 30 32 17
3 31 42 33
3 32 34 18
3 33 43 35
3 34 36 20
3 35 37 22
3 36 38 24
3 37 43 39
3 38 40 26
3 39 41 28
3 40 42 30
3 41 43 32
3 42 38 34
13
 5 7 9 12 14 20 24 28 31 33 36 39 42
44
3 4 7 1
3 0 9 2
3 1 12 3
3 2 14 4
3 3 5 0
3 4 16 6
3 5 19 7
3 6 8 0
3 7 21 9
3 8 10 1
3 9 23 11
3 10 26 12
3 11 13 2
3 12 27 14
3 13 15 3
3 14 29 16
3 15 17 5
3 16 31 18
3 17 33 19
3 18 20 6
3 19 34 21
3 20 22 8
3 21 36 23
3 22 24 10
3 23 37 25
3 24 39 26
3 25 27 11
3 26 28 13
3 27 40 29
3 28 30 15
3 29 41 31
3 30 32 17
3 31 42 33
3 32 34 18
3 33 35 20
3 34 43 36
3 35 37 22
3 36 38 24
3 37 43 39
3 38 40 25
3 39 41 28
3 40 42 30
3 41 43 32
3 42 38 35
13
 5 7 9 12 14 19 22 25 28 31 34 38 42
44
3 4 7 1
3 0 9 2
3 1 12 3
3 2 14 4
3 3 5 0
3 4 16 6
3 5 19 7
3 6 8 0
3 7 21 9
3 8 10 1
3 9 23 11
3 10 26 12
3 11 13 2
3 12 27 14
3 13 15 3
3 14 29 16
3 15 17 5
3 16 31 18
3 17 33 19
3 18 20 6
3 19 34 21
3 20 22 8
3 21 36 23
3 22 24 10
3 23 37 25
3 24 39 26
3 25 27 11
3 26 28 13
3 27 40 29
3 28 30 15
3 29 41 31
3 30 32 17
3 31 43 33
3 32 34 18
3 33 35 20
3 34 43 36
3 35 37 22
3 36 38 24
3 37 42 39
3 38 40 25
3 39 41 28
3 40 42 30
3 41 38 43
3 42 35 32
12
 2 5 7 10 14 20 25 28 31 33 36 42
44
3 4 7 1
3 0 9 2
3 1 12 3
3 2 14 4
3 3 5 0
3 4 16 6
3 5 19 7
3 6 8 0
3 7 21 9
3 8 10 1
3 9 23 11
3 10 26 12
3 11 13 2
3 12 27 14
3 13 15 3
3 14 29 16
3 15 17 5
3 16 31 18
3 17 33 19
3 18 20 6
3 19 34 21
3 20 22 8
3 21 36 23
3 22 24 10
3 23 37 25
3 24 40 26
3 25 27 11
3 26 28 13
3 27 40 29
3 28 30 15
3 29 41 31
3 30 32 17
3 31 42 33
3 32 34 18
3 33 35 20
3 34 43 36
3 35 37 22
3 36 38 24
3 37 43 39
3 38 41 40
3 39 28 25
3 39 42 30
3 41 43 32
3 42 38 35
12
 4 6 9 12 13 17 22 25 29 34 38 42
44
3 4 7 1
3 0 9 2
3 1 12 3
3 2 14 4
3 3 5 0
3 4 16 6
3 5 19 7
3 6 8 0
3 7 21 9
3 8 10 1
3 9 23 11
3 10 26 12
3 11 13 2
3 12 27 14
3 13 15 3
3 14 29 16
3 15 17 5
3 16 31 18
3 17 33 19
3 18 20 6
3 19 34 21
3 20 22 8
3 21 36 23
3 22 24 10
3 23 38 25
3 24 40 26
3 25 27 11
3 26 28 13
3 27 40 29
3 28 30 15
3 29 41 31
3 30 32 17
3 31 43 33
3 32 34 18
3 33 35 20
3 34 43 36
3 35 37 22
3 36 42 38
3 37 39 24
3 38 41 40
3 39 28 25
3 39 42 30
3 41 37 43
3 42 35 32
12
 1 5 8 11 14 18 24 28 32 34 36 41
44
3 4 7 1
3 0 9 2
3 1 12 3
3 2 15 4
3 3 5 0
3 4 17 6
3 5 20 7
3 6 8 0
3 7 22 9
3 8 10 1
3 9 24 11
3 10 26 12
3 11 13 2
3 12 27 14
3 13 29 15
3 14 16 3
3 15 31 17
3 16 18 5
3 17 32 19
3 18 34 20
3 19 21 6
3 20 36 22
3 21 23 8
3 22 37 24
3 23 25 10
3 24 39 26
3 25 27 11
3 26 28 13
3 27 40 29
3 28 30 14
3 29 41 31
3 30 32 16
3 31 33 18
3 32 42 34
3 33 35 19
3 34 43 36
3 35 37 21
3 36 38 23
3 37 43 39
3 38 40 25
3 39 41 28
3 40 42 30
3 41 43 33
3 42 38 35
12
 2 5 7 10 14 19 23 27 31 36 39 42
44
3 4 7 1
3 0 9 2
3 1 12 3
3 2 15 4
3 3 5 0
3 4 17 6
3 5 20 7
3 6 8 0
3 7 22 9
3 8 10 1
3 9 24 11
3 10 26 12
3 11 13 2
3 12 27 14
3 13 29 15
3 14 16 3
3 15 31 17
3 16 18 5
3 17 32 19
3 18 34 20
3 19 21 6
3 20 36 22
3 21 23 8
3 22 37 24
3 23 25 10
3 24 39 26
3 25 27 11
3 26 28 13
3 27 40 29
3 28 30 14
3 29 42 31
3 30 32 16
3 31 33 18
3 32 42 34
3 33 35 19
3 34 43 36
3 35 37 21
3 36 38 23
3 37 43 39
3 38 40 25
3 39 41 28
3 40 43 42
3 41 33 30
3 41 38 35
13
 5 7 9 12 15 21 25 28 32 34 37 41 42
44
3 4 7 1
3 0 9 2
3 1 12 3
3 2 15 4
3 3 5 0
3 4 17 6
3 5 20 7
3 6 8 0
3 7 22 9
3 8 10 1
3 9 24 11
3 10 26 12
3 11 13 2
3 12 27 14
3 13 29 15
3 14 16 3
3 15 31 17
3 16 18 5
3 17 32 19
3 18 35 20
3 19 21 6
3 20 36 22
3 21 23 8
3 22 37 24
3 23 25 10
3 24 39 26
3 25 27 11
3 26 28 13
3 27 40 29
3 28 30 14
3 29 42 31
3 30 32 16
3 31 33 18
3 32 42 34
3 33 43 35
3 34 36 19
3 35 37 21
3 36 38 23
3 37 43 39
3 38 40 25
3 39 41 28
3 40 43 42
3 41 33 30
3 41 38 34
12
 0 6 10 12 15 18 22 26 30 34 37 40
44
3 4 7 1
3 0 9 2
3 1 12 3
3 2 15 4
3 3 5 0
3 4 17 6
3 5 20 7
3 6 8 0
3 7 22 9
3 8 10 1
3 9 24 11
3 10 26 12
3 11 13 2
3 12 27 14
3 13 29 15
3 14 16 3
3 15 31 17
3 16 18 5
3 17 32 19
3 18 35 20
3 19 21 6
3 20 36 22
3 21 23 8
3 22 38 24
3 23 25 10
3 24 39 26
3 25 27 11
3 26 28 13
3 27 40 29
3 28 30 14
3 29 42 31
3 30 32 16
3 31 33 18
3 32 42 34
3 33 43 35
3 34 36 19
3 35 37 21
3 36 43 38
3 37 39 23
3 38 40 25
3 39 41 28
3 40 43 42
3 41 33 30
3 41 37 34
12
 4 6 9 12 15 18 23 26 30 34 36 40
44
3 4 7 1
3 0 9 2
3 1 12 3
3 2 15 4
3 3 5 0
3 4 17 6
3 5 20 7
3 6 8 0
3 7 22 9
3 8 10 1
3 9 24 11
3 10 26 12
3 11 13 2
3 12 27 14
3 13 29 15
3 14 16 3
3 15 31 17
3 16 18 5
3 17 33 19
3 18 35 20
3 19 21 6
3 20 36 22
3 21 23 8
3 22 37 24
3 23 25 10
3 24 39 26
3 25 27 11
3 26 28 13
3 27 40 29
3 28 30 14
3 29 41 31
3 30 32 16
3 31 42 33
3 32 34 18
3 33 43 35
3 34 36 19
3 35 37 21
3 36 38 23
3 37 43 39
3 38 40 25
3 39 41 28
3 40 42 30
3 41 43 32
3 42 38 34
13
 5 7 9 12 15 21 25 28 31 33 35 37 42
44
3 4 7 1
3 0 9 2
3 1 12 3
3 2 15 4
3 3 5 0
3 4 17 6
3 5 20 7
3 6 8 0
3 7 22 9
3 8 10 1
3 9 24 11
3 10 26 12
3 11 13 2
3 12 27 14
3 13 30 15
3 14 16 3
3 15 31 17
3 16 18 5
3 17 32 19
3 18 35 20
3 19 21 6
3 20 36 22
3 21 23 8
3 22 37 24
3 23 25 10
3 24 39 26
3 25 27 11
3 26 28 13
3 27 40 29
3 28 42 30
3 29 31 14
3 30 32 16
3 31 33 18
3 32 42 34
3 33 43 35
3 34 36 19
3 35 37 21
3 36 38 23
3 37 43 39
3 38 40 25
3 39 41 28
3 40 43 42
3 41 33 29
3 41 38 34
13
 5 7 9 12 15 21 25 28 31 32 35 37 41
44
3 4 7 1
3 0 9 2
3 1 12 3
3 2 15 4
3 3 5 0
3 4 17 6
3 5 20 7
3 6 8 0
3 7 22 9
3 8 10 1
3 9 24 11
3 10 26 12
3 11 13 2
3 12 28 14
3 13 30 15
3 14 16 3
3 15 31 17
3 16 18 5
3 17 33 19
3 18 35 20
3 19 21 6
3 20 36 22
3 21 23 8
3 22 38 24
3 23 25 10
3 24 39 26
3 25 27 11
3 26 40 28
3 27 29 13
3 28 42 30
3 29 31 14
3 30 32 16
3 31 42 33
3 32 34 18
3 33 43 35
3 34 36 19
3 35 37 21
3 36 43 38
3 37 39 23
3 38 40 25
3 39 41 27
3 40 43 42
3 41 32 29
3 41 37 34
13
 5 7 9 12 15 21 25 28 31 33 35 38 41
44
3 4 7 1
3 0 10 2
3 1 12 3
3 2 15 4
3 3 5 0
3 4 17 6
3 5 19 7
3 6 8 0
3 7 21 9
3 8 23 10
3 9 11 1
3 10 24 12
3 11 13 2
3 12 26 14
3 13 28 15
3 14 16 3
3 15 30 17
3 16 18 5
3 17 32 19
3 18 20 6
3 19 34 21
3 20 22 8
3 21 36 23
3 22 24 9
3 23 25 11
3 24 37 26
3 25 27 13
3 26 39 28
3 27 29 14
3 28 40 30
3 29 31 16
3 30 41 32
3 31 33 18
3 32 42 34
3 33 35 20
3 34 43 36
3 35 37 22
3 36 38 25
3 37 43 39
3 38 40 27
3 39 41 29
3 40 42 31
3 41 43 33
3 42 38 35
12
 4 7 10 12 16 18 22 25 28 34 38 41
44
3 4 7 1
3 0 10 2
3 1 12 3
3 2 15 4
3 3 5 0
3 4 17 6
3 5 19 7
3 6 8 0
3 7 21 9
3 8 23 10
3 9 11 1
3 10 25 12
3 11 13 2
3 12 27 14
3 13 29 15
3 14 16 3
3 15 30 17
3 16 18 5
3 17 32 19
3 18 20 6
3 19 34 21
3 20 22 8
3 21 35 23
3 22 24 9
3 23 37 25
3 24 26 11
3 25 38 27
3 26 28 13
3 27 40 29
3 28 30 14
3 29 31 16
3 30 41 32
3 31 33 18
3 32 42 34
3 33 35 20
3 34 36 22
3 35 43 37
3 36 38 24
3 37 39 26
3 38 43 40
3 39 41 28
3 40 42 31
3 41 43 33
3 42 39 36
12
 3 7 10 13 17 20 24 28 31 35 38 42
44
3 4 7 1
3 0 10 2
3 1 12 3
3 2 15 4
3 3 5 0
3 4 17 6
3 5 19 7
3 6 8 0
3 7 21 9
3 8 23 10
3 9 11 1
3 10 25 12
3 11 13 2
3 12 27 14
3 13 29 15
3 14 16 3
3 15 30 17
3 16 18 5
3 17 32 19
3 18 20 6
3 19 34 21
3 20 22 8
3 21 35 23
3 22 24 9
3 23 37 25
3 24 26 11
3 25 39 27
3 26 28 13
3 27 40 29
3 28 30 14
3 29 31 16
3 30 41 32
3 31 33 18
3 32 43 34
3 33 35 20
3 34 36 22
3 35 43 37
3 36 38 24
3 37 42 39
3 38 40 26
3 39 41 28
3 40 42 31
3 41 38 43
3 42 36 33
12
 5 7 10 12 15 19 22 26 29 33 37 41
44
3 4 7 1
3 0 10 2
3 1 12 3
3 2 15 4
3 3 5 0
3 4 17 6
3 5 19 7
3 6 8 0
3 7 21 9
3 8 23 10
3 9 11 1
3 10 25 12
3 11 13 2
3 12 27 14
3 13 29 15
3 14 16 3
3 15 30 17
3 16 18 5
3 17 32 19
3 18 20 6
3 19 34 21
3 20 22 8
3 21 36 23
3 22 24 9
3 23 37 25
3 24 26 11
3 25 39 27
3 26 28 13
3 27 40 29
3 28 30 14
3 29 31 16
3 30 41 32
3 31 33 18
3 32 42 34
3 33 35 20
3 34 43 36
3 35 37 22
3 36 38 24
3 37 43 39
3 38 40 26
3 39 41 28
3 40 42 31
3 41 43 33
3 42 38 35
12
 3 7 10 13 17 20 24 29 32 36 39 42
44
3 4 7 1
3 0 10 2
3 1 12 3
3 2 15 4
3 3 5 0
3 4 17 6
3 5 19 7
3 6 8 0
3 7 21 9
3 8 23 10
3 9 11 1
3 10 25 12
3 11 13 2
3 12 27 14
3 13 29 15
3 14 16 3
3 15 31 17
3 16 18 5
3 17 32 19
3 18 20 6
3 19 34 21
3 20 22 8
3 21 35 23
3 22 24 9
3 23 37 25
3 24 26 11
3 25 38 27
3 26 28 13
3 27 40 29
3 28 30 14
3 29 41 31
3 30 32 16
3 31 33 18
3 32 42 34
3 33 35 20
3 34 36 22
3 35 43 37
3 36 38 24
3 37 39 26
3 38 43 40
3 39 41 28
3 40 42 30
3 41 43 33
3 42 39 36
12
 4 8 10 12 16 19 23 26 29 33 36 40
44
3 4 7 1
3 0 10 2
3 1 12 3
3 2 15 4
3 3 5 0
3 4 17 6
3 5 19 7
3 6 8 0
3 7 21 9
3 8 23 10
3 9 11 1
3 10 25 12
3 11 13 2
3 12 27 14
3 13 29 15
3 14 16 3
3 15 31 17
3 16 18 5
3 17 32 19
3 18 20 6
3 19 34 21
3 20 22 8
3 21 36 23
3 22 24 9
3 23 37 25
3 24 26 11
3 25 39 27
3 26 28 13
3 27 40 29
3 28 30 14
3 29 42 31
3 30 32 16
3 31 33 18
3 32 42 34
3 33 35 20
3 34 43 36
3 35 37 22
3 36 38 24
3 37 43 39
3 38 40 26
3 39 41 28
3 40 43 42
3 41 33 30
3 41 38 35
12
 4 7 10 12 16 18 22 26 29 34 37 41
44
3 4 7 1
3 0 10 2
3 1 12 3
3 2 15 4
3 3 5 0
3 4 17 6
3 5 19 7
3 6 8 0
3 7 21 9
3 8 23 10
3 9 11 1
3 10 25 12
3 11 13 2
3 12 27 14
3 13 30 15
3 14 16 3
3 15 31 17
3 16 18 5
3 17 33 19
3 18 20 6
3 19 35 21
3 20 22 8
3 21 37 23
3 22 24 9
3 23 38 25
3 24 26 11
3 25 39 27
3 26 28 13
3 27 40 29
3 28 43 30
3 29 31 14
3 30 32 16
3 31 43 33
3 32 34 18
3 33 42 35
3 34 36 20
3 35 41 37
3 36 38 22
3 37 39 24
3 38 40 26
3 39 41 28
3 40 36 42
3 41 34 43
3 42 32 29
12
 3 7 10 13 17 20 24 29 32 37 39 42
44
3 4 7 1
3 0 10 2
3 1 12 3
3 2 15 4
3 3 5 0
3 4 17 6
3 5 19 7
3 6 8 0
3 7 21 9
3 8 23 10
3 9 11 1
3 10 25 12
3 11 13 2
3 12 27 14
3 13 30 15
3 14 16 3
3 15 32 17
3 16 18 5
3 17 33 19
3 18 20 6
3 19 35 21
3 20 22 8
3 21 37 23
3 22 24 9
3 23 38 25
3 24 26 11
3 25 39 27
3 26 28 13
3 27 40 29
3 28 42 30
3 29 31 14
3 30 43 32
3 31 33 16
3 32 34 18
3 33 43 35
3 34 36 20
3 35 41 37
3 36 38 22
3 37 39 24
3 38 40 26
3 39 41 28
3 40 36 42
3 41 43 29
3 42 34 31
12
 2 4 8 11 16 19 23 27 30 34 38 41
44
3 4 7 1
3 0 10 2
3 1 12 3
3 2 15 4
3 3 5 0
3 4 17 6
3 5 19 7
3 6 8 0
3 7 21 9
3 8 24 10
3 9 11 1
3 10 25 12
3 11 13 2
3 12 27 14
3 13 29 15
3 14 16 3
3 15 31 17
3 16 18 5
3 17 32 19
3 18 20 6
3 19 34 21
3 20 22 8
3 21 35 23
3 22 37 24
3 23 25 9
3 24 26 11
3 25 38 27
3 26 28 13
3 27 40 29
3 28 30 14
3 29 41 31
3 30 32 16
3 31 33 18
3 32 42 34
3 33 35 20
3 34 36 22
3 35 43 37
3 36 38 23
3 37 39 26
3 38 43 40
3 39 41 28
3 40 42 30
3 41 43 33
3 42 39 36
12
 4 8 10 12 16 19 23 26 29 33 36 40
44
3 4 7 1
3 0 10 2
3 1 12 3
3 2 15 4
3 3 5 0
3 4 17 6
3 5 19 7
3 6 8 0
3 7 21 9
3 8 24 10
3 9 11 1
3 10 25 12
3 11 13 2
3 12 27 14
3 13 29 15
3 14 16 3
3 15 31 17
3 16 18 5
3 17 32 19
3 18 20 6
3 19 34 21
3 20 22 8
3 21 35 23
3 22 38 24
3 23 25 9
3 24 26 11
3 25 39 27
3 26 28 13
3 27 40 29
3 28 30 14
3 29 42 31
3 30 32 16
3 31 33 18
3 32 43 34
3 33 35 20
3 34 36 22
3 35 43 37
3 36 41 38
3 37 39 23
3 38 40 26
3 39 41 28
3 40 37 42
3 41 43 30
3 42 36 33
12
 5 7 10 12 15 20 25 28 32 35 38 42
44
3 4 7 1
3 0 10 2
3 1 12 3
3 2 15 4
3 3 5 0
3 4 17 6
3 5 19 7
3 6 8 0
3 7 21 9
3 8 24 10
3 9 11 1
3 10 25 12
3 11 13 2
3 12 27 14
3 13 29 15
3 14 16 3
3 15 31 17
3 16 18 5
3 17 33 19
3 18 20 6
3 19 34 21
3 20 22 8
3 21 35 23
3 22 38 24
3 23 25 9
3 24 26 11
3 25 39 27
3 26 28 13
3 27 40 29
3 28 30 14
3 29 42 31
3 30 32 16
3 31 43 33
3 32 34 18
3 33 35 20
3 34 36 22
3 35 43 37
3 36 41 38
3 37 39 23
3 38 40 26
3 39 41 28
3 40 37 42
3 41 43 30
3 42 36 32
12
 5 7 10 12 15 20 23 26 30 33 36 40
44
3 4 7 1
3 0 10 2
3 1 12 3
3 2 15 4
3 3 5 0
3 4 17 6
3 5 19 7
3 6 8 0
3 7 21 9
3 8 24 10
3 9 11 1
3 10 25 12
3 11 13 2
3 12 27 14
3 13 30 15
3 14 16 3
3 15 32 17
3 16 18 5
3 17 33 19
3 18 20 6
3 19 35 21
3 20 22 8
3 21 37 23
3 22 39 24
3 23 25 9
3 24 26 11
3 25 39 27
3 26 28 13
3 27 40 29
3 28 42 30
3 29 31 14
3 30 43 32
3 31 33 16
3 32 34 18
3 33 43 35
3 34 36 20
3 35 41 37
3 36 38 22
3 37 40 39
3 38 26 23
3 38 41 28
3 40 36 42
3 41 43 29
3 42 34 31
12
 2 4 8 11 16 19 23 27 30 34 38 41
44
3 4 7 1
3 0 10 2
3 1 12 3
3 2 15 4
3 3 5 0
3 4 17 6
3 5 19 7
3 6 8 0
3 7 21 9
3 8 24 10
3 9 11 1
3 10 25 12
3 11 13 2
3 12 27 14
3 13 30 15
3 14 16 3
3 15 32 17
3 16 18 5
3 17 33 19
3 18 20 6
3 19 35 21
3 20 22 8
3 21 37 23
3 22 40 24
3 23 25 9
3 24 26 11
3 25 40 27
3 26 28 13
3 27 39 29
3 28 41 30
3 29 31 14
3 30 43 32
3 31 33 16
3 32 34 18
3 33 43 35
3 34 36 20
3 35 42 37
3 36 38 22
3 37 41 39
3 38 28 40
3 39 26 23
3 38 42 29
3 41 36 43
3 42 34 31
12
 3 7 10 13 17 20 22 25 30 33 39 42
44
3 4 7 1
3 0 10 2
3 1 12 3
3 2 15 4
3 3 5 0
3 4 17 6
3 5 20 7
3 6 8 0
3 7 21 9
3 8 23 10
3 9 11 1
3 10 25 12
3 11 13 2
3 12 27 14
3 13 29 15
3 14 16 3
3 15 31 17
3 16 18 5
3 17 32 19
3 18 34 20
3 19 21 6
3 20 22 8
3 21 35 23
3 22 24 9
3 23 37 25
3 24 26 11
3 25 38 27
3 26 28 13
3 27 40 29
3 28 30 14
3 29 41 31
3 30 32 16
3 31 33 18
3 32 42 34
3 33 35 19
3 34 36 22
3 35 43 37
3 36 38 24
3 37 39 26
3 38 43 40
3 39 41 28
3 40 42 30
3 41 43 33
3 42 39 36
12
 3 7 10 13 17 20 24 28 31 35 38 42
44
3 4 7 1
3 0 10 2
3 1 12 3
3 2 15 4
3 3 5 0
3 4 17 6
3 5 20 7
3 6 8 0
3 7 21 9
3 8 23 10
3 9 11 1
3 10 25 12
3 11 13 2
3 12 27 14
3 13 29 15
3 14 16 3
3 15 31 17
3 16 18 5
3 17 32 19
3 18 35 20
3 19 21 6
3 20 22 8
3 21 36 23
3 22 24 9
3 23 38 25
3 24 26 11
3 25 39 27
3 26 28 13
3 27 40 29
3 28 30 14
3 29 42 31
3 30 32 16
3 31 33 18
3 32 42 34
3 33 43 35
3 34 36 19
3 35 37 22
3 36 43 38
3 37 39 24
3 38 40 26
3 39 41 28
3 40 43 42
3 41 33 30
3 41 37 34
12
 4 7 10 12 16 19 22 26 29 33 38 41
44
3 4 7 1
3 0 10 2
3 1 12 3
3 2 15 4
3 3 5 0
3 4 17 6
3 5 20 7
3 6 8 0
3 7 22 9
3 8 24 10
3 9 11 1
3 10 26 12
3 11 13 2
3 12 28 14
3 13 30 15
3 14 16 3
3 15 31 17
3 16 18 5
3 17 32 19
3 18 35 20
3 19 21 6
3 20 36 22
3 21 23 8
3 22 37 24
3 23 25 9
3 24 39 26
3 25 27 11
3 26 40 28
3 27 29 13
3 28 42 30
3 29 31 14
3 30 32 16
3 31 33 18
3 32 42 34
3 33 43 35
3 34 36 19
3 35 37 21
3 36 38 23
3 37 43 39
3 38 40 25
3 39 41 27
3 40 43 42
3 41 33 29
3 41 38 34
12
 3 7 10 13 17 21 24 27 31 35 38 42
