48
3 4 7 1
3 0 9 2
3 1 11 3
3 2 13 4
3 3 5 0
3 4 15 6
3 5 17 7
3 6 8 0
3 7 19 9
3 8 10 1
3 9 21 11
3 10 12 2
3 11 23 13
3 12 14 3
3 13 25 15
3 14 16 5
3 15 27 17
3 16 18 6
3 17 29 19
3 18 20 8
3 19 31 21
3 20 22 10
3 21 33 23
3 22 24 12
3 23 35 25
3 24 26 14
3 25 37 27
3 26 28 16
3 27 39 29
3 28 30 18
3 29 41 31
3 30 32 20
3 31 42 33
3 32 34 22
3 33 44 35
3 34 36 24
3 35 45 37
3 36 38 26
3 37 46 39
3 38 40 28
3 39 47 41
3 40 42 30
3 41 43 32
3 42 47 44
3 43 45 34
3 44 46 36
3 45 47 38
3 46 43 40
14
 5 7 9 11 13 18 22 26 27 31 35 40 43 46
48
3 4 7 1
3 0 9 2
3 1 11 3
3 2 13 4
3 3 5 0
3 4 15 6
3 5 18 7
3 6 8 0
3 7 19 9
3 8 10 1
3 9 21 11
3 10 12 2
3 11 23 13
3 12 14 3
3 13 25 15
3 14 16 5
3 15 27 17
3 16 30 18
3 17 19 6
3 18 20 8
3 19 31 21
3 20 22 10
3 21 33 23
3 22 24 12
3 23 35 25
3 24 26 14
3 25 37 27
3 26 28 16
3 27 39 29
3 28 41 30
3 29 31 17
3 30 32 20
3 31 42 33
3 32 34 22
3 33 44 35
3 34 36 24
3 35 45 37
3 36 38 26
3 37 46 39
3 38 40 28
3 39 47 41
3 40 42 29
3 41 43 32
3 42 47 44
3 43 45 34
3 44 46 36
3 45 47 38
3 46 43 40
14
 5 7 9 11 13 17 20 24 28 33 37 41 44 46
48
3 4 7 1
3 0 9 2
3 1 11 3
3 2 13 4
3 3 5 0
3 4 15 6
3 5 18 7
3 6 8 0
3 7 20 9
3 8 10 1
3 9 22 11
3 10 12 2
3 11 24 13
3 12 14 3
3 13 26 15
3 14 16 5
3 15 27 17
3 16 30 18
3 17 19 6
3 18 32 20
3 19 21 8
3 20 34 22
3 21 23 10
3 22 36 24
3 23 25 12
3 24 38 26
3 25 27 14
3 26 28 16
3 27 39 29
3 28 41 30
3 29 31 17
3 30 42 32
3 31 33 19
3 32 44 34
3 33 35 21
3 34 45 36
3 35 37 23
3 36 46 38
3 37 39 25
3 38 40 28
3 39 47 41
3 40 42 29
3 41 43 31
3 42 47 44
3 43 45 33
3 44 46 35
3 45 47 37
3 46 43 40
14
 5 7 9 11 13 19 23 27 30 34 38 41 44 46
48
3 4 7 1
3 0 9 2
3 1 11 3
3 2 13 4
3 3 5 0
3 4 15 6
3 5 18 7
3 6 8 0
3 7 20 9
3 8 10 1
3 9 22 11
3 10 12 2
3 11 24 13
3 12 14 3
3 13 26 15
3 14 16 5
3 15 27 17
3 16 30 18
3 17 19 6
3 18 32 20
3 19 21 8
3 20 34 22
3 21 23 10
3 22 36 24
3 23 25 12
3 24 38 26
3 25 27 14
3 26 28 16
3 27 39 29
3 28 42 30
3 29 31 17
3 30 43 32
3 31 33 19
3 32 44 34
3 33 35 21
3 34 46 36
3 35 37 23
3 36 47 38
3 37 39 25
3 38 40 28
3 39 47 41
3 40 45 42
3 41 43 29
3 42 44 31
3 43 45 33
3 44 41 46
3 45 47 35
3 46 40 37
14
 5 7 9 11 13 19 23 27 30 34 38 41 44 46
48
3 4 7 1
3 0 9 2
3 1 11 3
3 2 13 4
3 3 5 0
3 4 15 6
3 5 18 7
3 6 8 0
3 7 20 9
3 8 10 1
3 9 22 11
3 10 12 2
3 11 24 13
3 12 14 3
3 13 26 15
3 14 16 5
3 15 28 17
3 16 30 18
3 17 19 6
3 18 31 20
3 19 21 8
3 20 33 22
3 21 23 10
3 22 35 24
3 23 25 12
3 24 37 26
3 25 27 14
3 26 39 28
3 27 29 16
3 28 41 30
3 29 31 17
3 30 32 19
3 31 42 33
3 32 34 21
3 33 44 35
3 34 36 23
3 35 45 37
3 36 38 25
3 37 46 39
3 38 40 27
3 39 47 41
3 40 42 29
3 41 43 32
3 42 47 44
3 43 45 34
3 44 46 36
3 45 47 38
3 46 43 40
14
 5 7 9 11 13 18 21 25 28 31 35 40 43 46
48
3 4 7 1
3 0 9 2
3 1 11 3
3 2 13 4
3 3 5 0
3 4 15 6
3 5 18 7
3 6 8 0
3 7 20 9
3 8 10 1
3 9 22 11
3 10 12 2
3 11 24 13
3 12 14 3
3 13 26 15
3 14 16 5
3 15 28 17
3 16 30 18
3 17 19 6
3 18 32 20
3 19 21 8
3 20 34 22
3 21 23 10
3 22 35 24
3 23 25 12
3 24 37 26
3 25 27 14
3 26 39 28
3 27 29 16
3 28 41 30
3 29 31 17
3 30 42 32
3 31 33 19
3 32 44 34
3 33 35 21
3 34 36 23
3 35 45 37
3 36 38 25
3 37 46 39
3 38 40 27
3 39 47 41
3 40 42 29
3 41 43 31
3 42 47 44
3 43 45 33
3 44 46 36
3 45 47 38
3 46 43 40
13
 2 4 8 14 18 22 24 28 31 35 38 40 44
48
3 4 7 1
3 0 9 2
3 1 11 3
3 2 13 4
3 3 5 0
3 4 15 6
3 5 18 7
3 6 8 0
3 7 20 9
3 8 10 1
3 9 22 11
3 10 12 2
3 11 24 13
3 12 14 3
3 13 26 15
3 14 16 5
3 15 28 17
3 16 30 18
3 17 19 6
3 18 32 20
3 19 21 8
3 20 34 22
3 21 23 10
3 22 36 24
3 23 25 12
3 24 37 26
3 25 27 14
3 26 39 28
3 27 29 16
3 28 41 30
3 29 31 17
3 30 42 32
3 31 33 19
3 32 44 34
3 33 35 21
3 34 45 36
3 35 37 23
3 36 38 25
3 37 46 39
3 38 40 27
3 39 47 41
3 40 42 29
3 41 43 31
3 42 47 44
3 43 45 33
3 44 46 35
3 45 47 38
3 46 43 40
13
 2 4 8 14 18 22 24 28 31 35 38 40 44
48
3 4 7 1
3 0 9 2
3 1 11 3
3 2 13 4
3 3 5 0
3 4 15 6
3 5 18 7
3 6 8 0
3 7 20 9
3 8 10 1
3 9 22 11
3 10 12 2
3 11 24 13
3 12 14 3
3 13 26 15
3 14 16 5
3 15 28 17
3 16 30 18
3 17 19 6
3 18 32 20
3 19 21 8
3 20 34 22
3 21 23 10
3 22 36 24
3 23 25 12
3 24 38 26
3 25 27 14
3 26 39 28
3 27 29 16
3 28 41 30
3 29 31 17
3 30 42 32
3 31 33 19
3 32 44 34
3 33 35 21
3 34 45 36
3 35 37 23
3 36 46 38
3 37 39 25
3 38 40 27
3 39 47 41
3 40 42 29
3 41 43 31
3 42 47 44
3 43 45 33
3 44 46 35
3 45 47 37
3 46 43 40
13
 2 4 8 14 18 22 24 28 31 35 37 40 44
48
3 4 7 1
3 0 9 2
3 1 11 3
3 2 13 4
3 3 5 0
3 4 15 6
3 5 18 7
3 6 8 0
3 7 20 9
3 8 10 1
3 9 22 11
3 10 12 2
3 11 24 13
3 12 14 3
3 13 26 15
3 14 16 5
3 15 28 17
3 16 30 18
3 17 19 6
3 18 32 20
3 19 21 8
3 20 34 22
3 21 23 10
3 22 36 24
3 23 25 12
3 24 38 26
3 25 27 14
3 26 40 28
3 27 29 16
3 28 41 30
3 29 31 17
3 30 42 32
3 31 33 19
3 32 44 34
3 33 35 21
3 34 45 36
3 35 37 23
3 36 46 38
3 37 39 25
3 38 47 40
3 39 41 27
3 40 42 29
3 41 43 31
3 42 47 44
3 43 45 33
3 44 46 35
3 45 47 37
3 46 43 39
14
 5 7 9 11 13 19 23 25 28 30 34 40 43 46
48
3 4 7 1
3 0 9 2
3 1 11 3
3 2 13 4
3 3 5 0
3 4 15 6
3 5 18 7
3 6 8 0
3 7 20 9
3 8 10 1
3 9 22 11
3 10 12 2
3 11 24 13
3 12 14 3
3 13 26 15
3 14 16 5
3 15 28 17
3 16 30 18
3 17 19 6
3 18 32 20
3 19 21 8
3 20 34 22
3 21 23 10
3 22 36 24
3 23 25 12
3 24 38 26
3 25 27 14
3 26 40 28
3 27 29 16
3 28 41 30
3 29 31 17
3 30 43 32
3 31 33 19
3 32 44 34
3 33 35 21
3 34 45 36
3 35 37 23
3 36 46 38
3 37 39 25
3 38 47 40
3 39 41 27
3 40 42 29
3 41 47 43
3 42 44 31
3 43 45 33
3 44 46 35
3 45 47 37
3 46 42 39
13
 3 7 9 12 15 19 23 27 30 34 38 42 45
48
3 4 7 1
3 0 9 2
3 1 11 3
3 2 13 4
3 3 5 0
3 4 15 6
3 5 18 7
3 6 8 0
3 7 20 9
3 8 10 1
3 9 22 11
3 10 12 2
3 11 24 13
3 12 14 3
3 13 26 15
3 14 16 5
3 15 28 17
3 16 31 18
3 17 19 6
3 18 32 20
3 19 21 8
3 20 34 22
3 21 23 10
3 22 36 24
3 23 25 12
3 24 38 26
3 25 27 14
3 26 40 28
3 27 29 16
3 28 41 30
3 29 43 31
3 30 32 17
3 31 33 19
3 32 44 34
3 33 35 21
3 34 45 36
3 35 37 23
3 36 46 38
3 37 39 25
3 38 47 40
3 39 41 27
3 40 42 29
3 41 47 43
3 42 44 30
3 43 45 33
3 44 46 35
3 45 47 37
3 46 42 39
14
 5 7 9 11 13 19 23 27 28 31 34 38 42 45
48
3 4 7 1
3 0 9 2
3 1 11 3
3 2 13 4
3 3 5 0
3 4 15 6
3 5 18 7
3 6 8 0
3 7 20 9
3 8 10 1
3 9 22 11
3 10 12 2
3 11 24 13
3 12 14 3
3 13 26 15
3 14 16 5
3 15 28 17
3 16 31 18
3 17 19 6
3 18 32 20
3 19 21 8
3 20 34 22
3 21 23 10
3 22 36 24
3 23 25 12
3 24 38 26
3 25 27 14
3 26 40 28
3 27 29 16
3 28 41 30
3 29 44 31
3 30 32 17
3 31 33 19
3 32 44 34
3 33 35 21
3 34 45 36
3 35 37 23
3 36 46 38
3 37 39 25
3 38 47 40
3 39 41 27
3 40 42 29
3 41 47 43
3 42 45 44
3 43 33 30
3 43 46 35
3 45 47 37
3 46 42 39
14
 5 7 9 11 13 19 23 25 28 31 34 40 43 46
48
3 4 7 1
3 0 9 2
3 1 11 3
3 2 13 4
3 3 5 0
3 4 15 6
3 5 18 7
3 6 8 0
3 7 20 9
3 8 10 1
3 9 22 11
3 10 12 2
3 11 24 13
3 12 14 3
3 13 26 15
3 14 16 5
3 15 28 17
3 16 31 18
3 17 19 6
3 18 33 20
3 19 21 8
3 20 34 22
3 21 23 10
3 22 36 24
3 23 25 12
3 24 38 26
3 25 27 14
3 26 40 28
3 27 29 16
3 28 41 30
3 29 43 31
3 30 32 17
3 31 44 33
3 32 34 19
3 33 35 21
3 34 45 36
3 35 37 23
3 36 46 38
3 37 39 25
3 38 47 40
3 39 41 27
3 40 42 29
3 41 47 43
3 42 44 30
3 43 45 32
3 44 46 35
3 45 47 37
3 46 42 39
14
 5 7 9 11 13 19 23 27 28 31 34 38 42 45
48
3 4 7 1
3 0 9 2
3 1 11 3
3 2 13 4
3 3 5 0
3 4 15 6
3 5 18 7
3 6 8 0
3 7 20 9
3 8 10 1
3 9 22 11
3 10 12 2
3 11 24 13
3 12 14 3
3 13 26 15
3 14 16 5
3 15 28 17
3 16 31 18
3 17 19 6
3 18 33 20
3 19 21 8
3 20 34 22
3 21 23 10
3 22 36 24
3 23 25 12
3 24 38 26
3 25 27 14
3 26 40 28
3 27 29 16
3 28 41 30
3 29 43 31
3 30 32 17
3 31 45 33
3 32 34 19
3 33 35 21
3 34 45 36
3 35 37 23
3 36 46 38
3 37 39 25
3 38 47 40
3 39 41 27
3 40 42 29
3 41 47 43
3 42 44 30
3 43 46 45
3 44 35 32
3 44 47 37
3 46 42 39
14
 5 7 9 11 13 19 23 27 28 31 34 38 42 44
48
3 4 7 1
3 0 9 2
3 1 11 3
3 2 14 4
3 3 5 0
3 4 16 6
3 5 18 7
3 6 8 0
3 7 20 9
3 8 10 1
3 9 22 11
3 10 12 2
3 11 23 13
3 12 26 14
3 13 15 3
3 14 28 16
3 15 17 5
3 16 30 18
3 17 19 6
3 18 32 20
3 19 21 8
3 20 34 22
3 21 23 10
3 22 24 12
3 23 35 25
3 24 37 26
3 25 27 13
3 26 39 28
3 27 29 15
3 28 41 30
3 29 31 17
3 30 42 32
3 31 33 19
3 32 44 34
3 33 35 21
3 34 36 24
3 35 45 37
3 36 38 25
3 37 46 39
3 38 40 27
3 39 47 41
3 40 42 29
3 41 43 31
3 42 47 44
3 43 45 33
3 44 46 36
3 45 47 38
3 46 43 40
14
 5 7 9 11 14 19 23 27 30 34 37 41 44 46
48
3 4 7 1
3 0 9 2
3 1 11 3
3 2 14 4
3 3 5 0
3 4 16 6
3 5 18 7
3 6 8 0
3 7 20 9
3 8 10 1
3 9 22 11
3 10 12 2
3 11 23 13
3 12 26 14
3 13 15 3
3 14 28 16
3 15 17 5
3 16 30 18
3 17 19 6
3 18 32 20
3 19 21 8
3 20 34 22
3 21 23 10
3 22 24 12
3 23 35 25
3 24 38 26
3 25 27 13
3 26 39 28
3 27 29 15
3 28 41 30
3 29 31 17
3 30 43 32
3 31 33 19
3 32 44 34
3 33 35 21
3 34 36 24
3 35 45 37
3 36 47 38
3 37 39 25
3 38 40 27
3 39 47 41
3 40 42 29
3 41 46 43
3 42 44 31
3 43 45 33
3 44 46 36
3 45 42 47
3 46 40 37
14
 5 7 9 11 14 19 23 27 30 34 38 40 43 45
48
3 4 7 1
3 0 9 2
3 1 11 3
3 2 14 4
3 3 5 0
3 4 16 6
3 5 18 7
3 6 8 0
3 7 20 9
3 8 10 1
3 9 22 11
3 10 12 2
3 11 24 13
3 12 26 14
3 13 15 3
3 14 28 16
3 15 17 5
3 16 30 18
3 17 19 6
3 18 32 20
3 19 21 8
3 20 34 22
3 21 23 10
3 22 35 24
3 23 25 12
3 24 37 26
3 25 27 13
3 26 39 28
3 27 29 15
3 28 41 30
3 29 31 17
3 30 42 32
3 31 33 19
3 32 44 34
3 33 35 21
3 34 36 23
3 35 45 37
3 36 38 25
3 37 46 39
3 38 40 27
3 39 47 41
3 40 42 29
3 41 43 31
3 42 47 44
3 43 45 33
3 44 46 36
3 45 47 38
3 46 43 40
14
 5 7 9 11 14 19 23 27 30 34 37 41 44 46
48
3 4 7 1
3 0 9 2
3 1 11 3
3 2 14 4
3 3 5 0
3 4 16 6
3 5 18 7
3 6 8 0
3 7 20 9
3 8 10 1
3 9 22 11
3 10 12 2
3 11 24 13
3 12 26 14
3 13 15 3
3 14 28 16
3 15 17 5
3 16 30 18
3 17 19 6
3 18 32 20
3 19 21 8
3 20 34 22
3 21 23 10
3 22 36 24
3 23 25 12
3 24 37 26
3 25 27 13
3 26 39 28
3 27 29 15
3 28 41 30
3 29 31 17
3 30 42 32
3 31 33 19
3 32 44 34
3 33 35 21
3 34 45 36
3 35 37 23
3 36 38 25
3 37 46 39
3 38 40 27
3 39 47 41
3 40 42 29
3 41 43 31
3 42 47 44
3 43 45 33
3 44 46 35
3 45 47 38
3 46 43 40
14
 5 7 9 11 14 19 23 27 30 34 37 41 44 46
48
3 4 7 1
3 0 9 2
3 1 11 3
3 2 14 4
3 3 5 0
3 4 16 6
3 5 18 7
3 6 8 0
3 7 20 9
3 8 10 1
3 9 22 11
3 10 12 2
3 11 24 13
3 12 26 14
3 13 15 3
3 14 28 16
3 15 17 5
3 16 30 18
3 17 19 6
3 18 32 20
3 19 21 8
3 20 34 22
3 21 23 10
3 22 36 24
3 23 25 12
3 24 38 26
3 25 27 13
3 26 39 28
3 27 29 15
3 28 41 30
3 29 31 17
3 30 42 32
3 31 33 19
3 32 44 34
3 33 35 21
3 34 45 36
3 35 37 23
3 36 46 38
3 37 39 25
3 38 40 27
3 39 47 41
3 40 42 29
3 41 43 31
3 42 47 44
3 43 45 33
3 44 46 35
3 45 47 37
3 46 43 40
14
 5 7 9 11 14 19 23 27 30 34 38 41 44 46
48
3 4 7 1
3 0 9 2
3 1 11 3
3 2 14 4
3 3 5 0
3 4 16 6
3 5 18 7
3 6 8 0
3 7 20 9
3 8 10 1
3 9 22 11
3 10 12 2
3 11 24 13
3 12 26 14
3 13 15 3
3 14 28 16
3 15 17 5
3 16 30 18
3 17 19 6
3 18 32 20
3 19 21 8
3 20 34 22
3 21 23 10
3 22 36 24
3 23 25 12
3 24 38 26
3 25 27 13
3 26 39 28
3 27 29 15
3 28 41 30
3 29 31 17
3 30 43 32
3 31 33 19
3 32 44 34
3 33 35 21
3 34 45 36
3 35 37 23
3 36 47 38
3 37 39 25
3 38 40 27
3 39 47 41
3 40 42 29
3 41 46 43
3 42 44 31
3 43 45 33
3 44 46 35
3 45 42 47
3 46 40 37
13
 1 5 8 10 14 18 24 27 31 34 37 41 45
48
3 4 7 1
3 0 9 2
3 1 11 3
3 2 14 4
3 3 5 0
3 4 16 6
3 5 18 7
3 6 8 0
3 7 20 9
3 8 10 1
3 9 22 11
3 10 12 2
3 11 24 13
3 12 26 14
3 13 15 3
3 14 28 16
3 15 17 5
3 16 30 18
3 17 19 6
3 18 32 20
3 19 21 8
3 20 34 22
3 21 23 10
3 22 36 24
3 23 25 12
3 24 38 26
3 25 27 13
3 26 40 28
3 27 29 15
3 28 41 30
3 29 31 17
3 30 42 32
3 31 33 19
3 32 44 34
3 33 35 21
3 34 45 36
3 35 37 23
3 36 46 38
3 37 39 25
3 38 47 40
3 39 41 27
3 40 42 29
3 41 43 31
3 42 47 44
3 43 45 33
3 44 46 35
3 45 47 37
3 46 43 39
14
 5 7 9 11 14 19 23 27 30 34 38 42 45 46
48
3 4 7 1
3 0 9 2
3 1 11 3
3 2 14 4
3 3 5 0
3 4 16 6
3 5 18 7
3 6 8 0
3 7 20 9
3 8 10 1
3 9 22 11
3 10 12 2
3 11 24 13
3 12 26 14
3 13 15 3
3 14 28 16
3 15 17 5
3 16 30 18
3 17 19 6
3 18 32 20
3 19 21 8
3 20 34 22
3 21 23 10
3 22 36 24
3 23 25 12
3 24 38 26
3 25 27 13
3 26 40 28
3 27 29 15
3 28 41 30
3 29 31 17
3 30 43 32
3 31 33 19
3 32 44 34
3 33 35 21
3 34 45 36
3 35 37 23
3 36 46 38
3 37 39 25
3 38 47 40
3 39 41 27
3 40 42 29
3 41 47 43
3 42 44 31
3 43 45 33
3 44 46 35
3 45 47 37
3 46 42 39
13
 5 7 9 11 14 19 23 27 30 34 38 42 45
48
3 4 7 1
3 0 9 2
3 1 11 3
3 2 14 4
3 3 5 0
3 4 16 6
3 5 18 7
3 6 8 0
3 7 20 9
3 8 10 1
3 9 22 11
3 10 12 2
3 11 24 13
3 12 27 14
3 13 15 3
3 14 28 16
3 15 17 5
3 16 30 18
3 17 19 6
3 18 32 20
3 19 21 8
3 20 34 22
3 21 23 10
3 22 36 24
3 23 25 12
3 24 37 26
3 25 40 27
3 26 28 13
3 27 29 15
3 28 41 30
3 29 31 17
3 30 43 32
3 31 33 19
3 32 44 34
3 33 35 21
3 34 46 36
3 35 37 23
3 36 38 25
3 37 46 39
3 38 47 40
3 39 41 26
3 40 42 29
3 41 47 43
3 42 44 31
3 43 45 33
3 44 47 46
3 45 38 35
3 45 42 39
13
 3 7 9 12 16 19 23 26 29 34 38 43 45
48
3 4 7 1
3 0 9 2
3 1 11 3
3 2 14 4
3 3 5 0
3 4 16 6
3 5 18 7
3 6 8 0
3 7 20 9
3 8 10 1
3 9 22 11
3 10 12 2
3 11 24 13
3 12 27 14
3 13 15 3
3 14 28 16
3 15 17 5
3 16 30 18
3 17 19 6
3 18 32 20
3 19 21 8
3 20 34 22
3 21 23 10
3 22 36 24
3 23 25 12
3 24 38 26
3 25 40 27
3 26 28 13
3 27 29 15
3 28 41 30
3 29 31 17
3 30 42 32
3 31 33 19
3 32 44 34
3 33 35 21
3 34 45 36
3 35 37 23
3 36 46 38
3 37 39 25
3 38 47 40
3 39 41 26
3 40 42 29
3 41 43 31
3 42 47 44
3 43 45 33
3 44 46 35
3 45 47 37
3 46 43 39
14
 5 7 9 11 14 19 23 28 30 34 38 40 43 46
48
3 4 7 1
3 0 9 2
3 1 11 3
3 2 14 4
3 3 5 0
3 4 16 6
3 5 18 7
3 6 8 0
3 7 20 9
3 8 10 1
3 9 22 11
3 10 12 2
3 11 24 13
3 12 27 14
3 13 15 3
3 14 28 16
3 15 17 5
3 16 30 18
3 17 19 6
3 18 32 20
3 19 21 8
3 20 34 22
3 21 23 10
3 22 36 24
3 23 25 12
3 24 38 26
3 25 40 27
3 26 28 13
3 27 29 15
3 28 41 30
3 29 31 17
3 30 43 32
3 31 33 19
3 32 44 34
3 33 35 21
3 34 45 36
3 35 37 23
3 36 46 38
3 37 39 25
3 38 47 40
3 39 41 26
3 40 42 29
3 41 47 43
3 42 44 31
3 43 45 33
3 44 46 35
3 45 47 37
3 46 42 39
13
 3 7 9 12 16 19 23 26 29 34 39 43 46
48
3 4 7 1
3 0 9 2
3 1 11 3
3 2 14 4
3 3 5 0
3 4 16 6
3 5 18 7
3 6 8 0
3 7 20 9
3 8 10 1
3 9 22 11
3 10 12 2
3 11 24 13
3 12 27 14
3 13 15 3
3 14 29 16
3 15 17 5
3 16 30 18
3 17 19 6
3 18 32 20
3 19 21 8
3 20 34 22
3 21 23 10
3 22 36 24
3 23 25 12
3 24 37 26
3 25 39 27
3 26 28 13
3 27 41 29
3 28 30 15
3 29 31 17
3 30 42 32
3 31 33 19
3 32 44 34
3 33 35 21
3 34 45 36
3 35 37 23
3 36 38 25
3 37 46 39
3 38 40 26
3 39 47 41
3 40 42 28
3 41 43 31
3 42 47 44
3 43 45 33
3 44 46 35
3 45 47 38
3 46 43 40
13
 3 7 9 12 16 19 21 26 30 36 41 44 46
48
3 4 7 1
3 0 9 2
3 1 11 3
3 2 14 4
3 3 5 0
3 4 16 6
3 5 18 7
3 6 8 0
3 7 20 9
3 8 10 1
3 9 22 11
3 10 12 2
3 11 24 13
3 12 27 14
3 13 15 3
3 14 29 16
3 15 17 5
3 16 30 18
3 17 19 6
3 18 32 20
3 19 21 8
3 20 34 22
3 21 23 10
3 22 36 24
3 23 25 12
3 24 38 26
3 25 40 27
3 26 28 13
3 27 41 29
3 28 30 15
3 29 31 17
3 30 42 32
3 31 33 19
3 32 44 34
3 33 35 21
3 34 45 36
3 35 37 23
3 36 46 38
3 37 39 25
3 38 47 40
3 39 41 26
3 40 42 28
3 41 43 31
3 42 47 44
3 43 45 33
3 44 46 35
3 45 47 37
3 46 43 39
14
 5 7 9 11 14 19 23 28 30 34 38 40 43 46
48
3 4 7 1
3 0 9 2
3 1 11 3
3 2 14 4
3 3 5 0
3 4 16 6
3 5 18 7
3 6 8 0
3 7 20 9
3 8 10 1
3 9 22 11
3 10 12 2
3 11 24 13
3 12 27 14
3 13 15 3
3 14 29 16
3 15 17 5
3 16 31 18
3 17 19 6
3 18 33 20
3 19 21 8
3 20 35 22
3 21 23 10
3 22 37 24
3 23 25 12
3 24 38 26
3 25 40 27
3 26 28 13
3 27 41 29
3 28 30 15
3 29 42 31
3 30 32 17
3 31 44 33
3 32 34 19
3 33 45 35
3 34 36 21
3 35 46 37
3 36 38 23
3 37 39 25
3 38 47 40
3 39 41 26
3 40 42 28
3 41 43 30
3 42 47 44
3 43 45 32
3 44 46 34
3 45 47 36
3 46 43 39
13
 2 4 8 15 18 22 24 27 32 36 39 42 45
48
3 4 7 1
3 0 9 2
3 1 11 3
3 2 14 4
3 3 5 0
3 4 16 6
3 5 18 7
3 6 8 0
3 7 20 9
3 8 10 1
3 9 22 11
3 10 12 2
3 11 24 13
3 12 27 14
3 13 15 3
3 14 29 16
3 15 17 5
3 16 31 18
3 17 19 6
3 18 33 20
3 19 21 8
3 20 35 22
3 21 23 10
3 22 37 24
3 23 25 12
3 24 38 26
3 25 40 27
3 26 28 13
3 27 41 29
3 28 30 15
3 29 43 31
3 30 32 17
3 31 44 33
3 32 34 19
3 33 45 35
3 34 36 21
3 35 46 37
3 36 38 23
3 37 39 25
3 38 47 40
3 39 41 26
3 40 42 28
3 41 47 43
3 42 44 30
3 43 45 32
3 44 46 34
3 45 47 36
3 46 42 39
14
 5 7 9 11 14 19 23 28 31 35 38 40 43 46
48
3 4 7 1
3 0 9 2
3 1 11 3
3 2 14 4
3 3 5 0
3 4 16 6
3 5 18 7
3 6 8 0
3 7 20 9
3 8 10 1
3 9 22 11
3 10 12 2
3 11 24 13
3 12 27 14
3 13 15 3
3 14 29 16
3 15 17 5
3 16 31 18
3 17 19 6
3 18 33 20
3 19 21 8
3 20 35 22
3 21 23 10
3 22 37 24
3 23 25 12
3 24 38 26
3 25 40 27
3 26 28 13
3 27 41 29
3 28 30 15
3 29 43 31
3 30 32 17
3 31 44 33
3 32 34 19
3 33 45 35
3 34 36 21
3 35 47 37
3 36 38 23
3 37 39 25
3 38 47 40
3 39 41 26
3 40 42 28
3 41 46 43
3 42 44 30
3 43 45 32
3 44 46 34
3 45 42 47
3 46 39 36
14
 5 7 9 11 14 19 23 28 31 35 38 40 44 46
48
3 4 7 1
3 0 9 2
3 1 11 3
3 2 14 4
3 3 5 0
3 4 16 6
3 5 18 7
3 6 8 0
3 7 20 9
3 8 10 1
3 9 22 11
3 10 12 2
3 11 24 13
3 12 27 14
3 13 15 3
3 14 29 16
3 15 17 5
3 16 31 18
3 17 19 6
3 18 33 20
3 19 21 8
3 20 35 22
3 21 23 10
3 22 37 24
3 23 25 12
3 24 38 26
3 25 40 27
3 26 28 13
3 27 42 29
3 28 30 15
3 29 43 31
3 30 32 17
3 31 44 33
3 32 34 19
3 33 45 35
3 34 36 21
3 35 47 37
3 36 38 23
3 37 39 25
3 38 47 40
3 39 41 26
3 40 46 42
3 41 43 28
3 42 44 30
3 43 45 32
3 44 46 34
3 45 41 47
3 46 39 36
13
 1 4 7 12 15 19 22 26 31 36 39 42 45
48
3 4 7 1
3 0 9 2
3 1 11 3
3 2 14 4
3 3 5 0
3 4 16 6
3 5 19 7
3 6 8 0
3 7 21 9
3 8 10 1
3 9 23 11
3 10 12 2
3 11 25 13
3 12 27 14
3 13 15 3
3 14 28 16
3 15 17 5
3 16 30 18
3 17 32 19
3 18 20 6
3 19 34 21
3 20 22 8
3 21 36 23
3 22 24 10
3 23 38 25
3 24 26 12
3 25 40 27
3 26 28 13
3 27 29 15
3 28 41 30
3 29 31 17
3 30 42 32
3 31 33 18
3 32 44 34
3 33 35 20
3 34 45 36
3 35 37 22
3 36 46 38
3 37 39 24
3 38 47 40
3 39 41 26
3 40 42 29
3 41 43 31
3 42 47 44
3 43 45 33
3 44 46 35
3 45 47 37
3 46 43 39
13
 3 7 9 12 16 20 22 26 29 32 38 43 45
48
3 4 7 1
3 0 9 2
3 1 11 3
3 2 14 4
3 3 5 0
3 4 16 6
3 5 19 7
3 6 8 0
3 7 21 9
3 8 10 1
3 9 23 11
3 10 12 2
3 11 25 13
3 12 27 14
3 13 15 3
3 14 28 16
3 15 17 5
3 16 30 18
3 17 32 19
3 18 20 6
3 19 34 21
3 20 22 8
3 21 36 23
3 22 24 10
3 23 38 25
3 24 26 12
3 25 40 27
3 26 28 13
3 27 29 15
3 28 41 30
3 29 31 17
3 30 43 32
3 31 33 18
3 32 44 34
3 33 35 20
3 34 45 36
3 35 37 22
3 36 46 38
3 37 39 24
3 38 47 40
3 39 41 26
3 40 42 29
3 41 47 43
3 42 44 31
3 43 45 33
3 44 46 35
3 45 47 37
3 46 42 39
13
 5 7 9 11 14 18 22 26 29 34 38 43 46
48
3 4 7 1
3 0 9 2
3 1 11 3
3 2 14 4
3 3 5 0
3 4 16 6
3 5 19 7
3 6 8 0
3 7 21 9
3 8 10 1
3 9 23 11
3 10 12 2
3 11 25 13
3 12 27 14
3 13 15 3
3 14 28 16
3 15 17 5
3 16 30 18
3 17 33 19
3 18 20 6
3 19 34 21
3 20 22 8
3 21 36 23
3 22 24 10
3 23 38 25
3 24 26 12
3 25 40 27
3 26 28 13
3 27 29 15
3 28 41 30
3 29 31 17
3 30 42 32
3 31 44 33
3 32 34 18
3 33 35 20
3 34 45 36
3 35 37 22
3 36 46 38
3 37 39 24
3 38 47 40
3 39 41 26
3 40 42 29
3 41 43 31
3 42 47 44
3 43 45 32
3 44 46 35
3 45 47 37
3 46 43 39
13
 1 3 6 12 17 21 23 28 32 35 37 40 43
48
3 4 7 1
3 0 9 2
3 1 11 3
3 2 14 4
3 3 5 0
3 4 16 6
3 5 19 7
3 6 8 0
3 7 21 9
3 8 10 1
3 9 23 11
3 10 12 2
3 11 25 13
3 12 27 14
3 13 15 3
3 14 28 16
3 15 17 5
3 16 30 18
3 17 33 19
3 18 20 6
3 19 34 21
3 20 22 8
3 21 36 23
3 22 24 10
3 23 38 25
3 24 26 12
3 25 40 27
3 26 28 13
3 27 29 15
3 28 41 30
3 29 31 17
3 30 43 32
3 31 45 33
3 32 34 18
3 33 35 20
3 34 45 36
3 35 37 22
3 36 46 38
3 37 39 24
3 38 47 40
3 39 41 26
3 40 42 29
3 41 47 43
3 42 44 31
3 43 46 45
3 44 35 32
3 44 47 37
3 46 42 39
14
 5 7 9 11 14 20 24 28 30 33 36 40 42 44
48
3 4 7 1
3 0 9 2
3 1 11 3
3 2 14 4
3 3 5 0
3 4 16 6
3 5 19 7
3 6 8 0
3 7 21 9
3 8 10 1
3 9 23 11
3 10 12 2
3 11 25 13
3 12 27 14
3 13 15 3
3 14 28 16
3 15 17 5
3 16 30 18
3 17 33 19
3 18 20 6
3 19 35 21
3 20 22 8
3 21 36 23
3 22 24 10
3 23 38 25
3 24 26 12
3 25 40 27
3 26 28 13
3 27 29 15
3 28 41 30
3 29 31 17
3 30 42 32
3 31 44 33
3 32 34 18
3 33 45 35
3 34 36 20
3 35 37 22
3 36 46 38
3 37 39 24
3 38 47 40
3 39 41 26
3 40 42 29
3 41 43 31
3 42 47 44
3 43 45 32
3 44 46 34
3 45 47 37
3 46 43 39
13
 1 3 8 12 16 19 23 28 31 34 37 40 43
48
3 4 7 1
3 0 9 2
3 1 11 3
3 2 14 4
3 3 5 0
3 4 16 6
3 5 19 7
3 6 8 0
3 7 21 9
3 8 10 1
3 9 23 11
3 10 12 2
3 11 25 13
3 12 27 14
3 13 15 3
3 14 29 16
3 15 17 5
3 16 30 18
3 17 32 19
3 18 20 6
3 19 34 21
3 20 22 8
3 21 35 23
3 22 24 10
3 23 37 25
3 24 26 12
3 25 39 27
3 26 28 13
3 27 41 29
3 28 30 15
3 29 31 17
3 30 42 32
3 31 33 18
3 32 44 34
3 33 35 20
3 34 36 22
3 35 45 37
3 36 38 24
3 37 46 39
3 38 40 26
3 39 47 41
3 40 42 28
3 41 43 31
3 42 47 44
3 43 45 33
3 44 46 36
3 45 47 38
3 46 43 40
13
 0 8 11 14 16 19 24 28 31 35 39 44 46
48
3 4 7 1
3 0 9 2
3 1 11 3
3 2 14 4
3 3 5 0
3 4 16 6
3 5 19 7
3 6 8 0
3 7 21 9
3 8 10 1
3 9 23 11
3 10 12 2
3 11 25 13
3 12 27 14
3 13 15 3
3 14 29 16
3 15 17 5
3 16 30 18
3 17 32 19
3 18 20 6
3 19 34 21
3 20 22 8
3 21 36 23
3 22 24 10
3 23 37 25
3 24 26 12
3 25 39 27
3 26 28 13
3 27 41 29
3 28 30 15
3 29 31 17
3 30 42 32
3 31 33 18
3 32 44 34
3 33 35 20
3 34 45 36
3 35 37 22
3 36 38 24
3 37 46 39
3 38 40 26
3 39 47 41
3 40 42 28
3 41 43 31
3 42 47 44
3 43 45 33
3 44 46 35
3 45 47 38
3 46 43 40
14
 5 7 9 11 14 20 24 28 30 32 36 39 43 46
48
3 4 7 1
3 0 9 2
3 1 11 3
3 2 14 4
3 3 5 0
3 4 16 6
3 5 19 7
3 6 8 0
3 7 21 9
3 8 10 1
3 9 23 11
3 10 12 2
3 11 25 13
3 12 27 14
3 13 15 3
3 14 29 16
3 15 17 5
3 16 30 18
3 17 32 19
3 18 20 6
3 19 34 21
3 20 22 8
3 21 36 23
3 22 24 10
3 23 38 25
3 24 26 12
3 25 39 27
3 26 28 13
3 27 41 29
3 28 30 15
3 29 31 17
3 30 42 32
3 31 33 18
3 32 44 34
3 33 35 20
3 34 45 36
3 35 37 22
3 36 46 38
3 37 39 24
3 38 40 26
3 39 47 41
3 40 42 28
3 41 43 31
3 42 47 44
3 43 45 33
3 44 46 35
3 45 47 37
3 46 43 40
13
 1 3 8 12 16 19 23 28 31 35 39 44 46
48
3 4 7 1
3 0 9 2
3 1 11 3
3 2 14 4
3 3 5 0
3 4 16 6
3 5 19 7
3 6 8 0
3 7 21 9
3 8 10 1
3 9 23 11
3 10 12 2
3 11 25 13
3 12 27 14
3 13 15 3
3 14 29 16
3 15 17 5
3 16 30 18
3 17 32 19
3 18 20 6
3 19 34 21
3 20 22 8
3 21 36 23
3 22 24 10
3 23 38 25
3 24 26 12
3 25 40 27
3 26 28 13
3 27 41 29
3 28 30 15
3 29 31 17
3 30 42 32
3 31 33 18
3 32 44 34
3 33 35 20
3 34 45 36
3 35 37 22
3 36 46 38
3 37 39 24
3 38 47 40
3 39 41 26
3 40 42 28
3 41 43 31
3 42 47 44
3 43 45 33
3 44 46 35
3 45 47 37
3 46 43 39
14
 5 7 9 11 14 20 24 28 30 32 36 40 43 46
48
3 4 7 1
3 0 9 2
3 1 11 3
3 2 14 4
3 3 5 0
3 4 16 6
3 5 19 7
3 6 8 0
3 7 21 9
3 8 10 1
3 9 23 11
3 10 12 2
3 11 25 13
3 12 27 14
3 13 15 3
3 14 29 16
3 15 17 5
3 16 30 18
3 17 33 19
3 18 20 6
3 19 34 21
3 20 22 8
3 21 36 23
3 22 24 10
3 23 37 25
3 24 26 12
3 25 39 27
3 26 28 13
3 27 41 29
3 28 30 15
3 29 31 17
3 30 42 32
3 31 44 33
3 32 34 18
3 33 35 20
3 34 45 36
3 35 37 22
3 36 38 24
3 37 46 39
3 38 40 26
3 39 47 41
3 40 42 28
3 41 43 31
3 42 47 44
3 43 45 32
3 44 46 35
3 45 47 38
3 46 43 40
14
 5 7 9 11 14 20 24 28 30 33 36 39 43 46
48
3 4 7 1
3 0 9 2
3 1 11 3
3 2 14 4
3 3 5 0
3 4 16 6
3 5 19 7
3 6 8 0
3 7 21 9
3 8 10 1
3 9 23 11
3 10 12 2
3 11 25 13
3 12 27 14
3 13 15 3
3 14 29 16
3 15 17 5
3 16 30 18
3 17 33 19
3 18 20 6
3 19 34 21
3 20 22 8
3 21 36 23
3 22 24 10
3 23 38 25
3 24 26 12
3 25 40 27
3 26 28 13
3 27 41 29
3 28 30 15
3 29 31 17
3 30 42 32
3 31 44 33
3 32 34 18
3 33 35 20
3 34 45 36
3 35 37 22
3 36 46 38
3 37 39 24
3 38 47 40
3 39 41 26
3 40 42 28
3 41 43 31
3 42 47 44
3 43 45 32
3 44 46 35
3 45 47 37
3 46 43 39
14
 5 7 9 11 14 20 24 28 30 33 36 40 43 46
48
3 4 7 1
3 0 9 2
3 1 11 3
3 2 14 4
3 3 5 0
3 4 16 6
3 5 19 7
3 6 8 0
3 7 21 9
3 8 10 1
3 9 23 11
3 10 12 2
3 11 25 13
3 12 27 14
3 13 15 3
3 14 29 16
3 15 17 5
3 16 30 18
3 17 33 19
3 18 20 6
3 19 34 21
3 20 22 8
3 21 36 23
3 22 24 10
3 23 38 25
3 24 26 12
3 25 40 27
3 26 28 13
3 27 42 29
3 28 30 15
3 29 31 17
3 30 42 32
3 31 44 33
3 32 34 18
3 33 35 20
3 34 45 36
3 35 37 22
3 36 46 38
3 37 39 24
3 38 47 40
3 39 41 26
3 40 43 42
3 41 31 28
3 41 47 44
3 43 45 32
3 44 46 35
3 45 47 37
3 46 43 39
14
 5 7 9 11 14 20 24 28 30 33 36 40 44 46
48
3 4 7 1
3 0 9 2
3 1 11 3
3 2 14 4
3 3 5 0
3 4 16 6
3 5 19 7
3 6 8 0
3 7 21 9
3 8 10 1
3 9 23 11
3 10 12 2
3 11 25 13
3 12 27 14
3 13 15 3
3 14 29 16
3 15 17 5
3 16 30 18
3 17 33 19
3 18 20 6
3 19 35 21
3 20 22 8
3 21 36 23
3 22 24 10
3 23 38 25
3 24 26 12
3 25 40 27
3 26 28 13
3 27 41 29
3 28 30 15
3 29 31 17
3 30 42 32
3 31 44 33
3 32 34 18
3 33 45 35
3 34 36 20
3 35 37 22
3 36 46 38
3 37 39 24
3 38 47 40
3 39 41 26
3 40 42 28
3 41 43 31
3 42 47 44
3 43 45 32
3 44 46 34
3 45 47 37
3 46 43 39
13
 1 3 8 12 16 19 23 28 31 34 37 40 43
48
3 4 7 1
3 0 9 2
3 1 11 3
3 2 14 4
3 3 5 0
3 4 16 6
3 5 19 7
3 6 8 0
3 7 21 9
3 8 10 1
3 9 23 11
3 10 12 2
3 11 25 13
3 12 27 14
3 13 15 3
3 14 29 16
3 15 17 5
3 16 31 18
3 17 33 19
3 18 20 6
3 19 34 21
3 20 22 8
3 21 36 23
3 22 24 10
3 23 38 25
3 24 26 12
3 25 39 27
3 26 28 13
3 27 41 29
3 28 30 15
3 29 42 31
3 30 32 17
3 31 44 33
3 32 34 18
3 33 35 20
3 34 45 36
3 35 37 22
3 36 46 38
3 37 39 24
3 38 40 26
3 39 47 41
3 40 42 28
3 41 43 30
3 42 47 44
3 43 45 32
3 44 46 35
3 45 47 37
3 46 43 40
13
 1 5 8 12 14 18 23 27 30 34 37 40 44
48
3 4 7 1
3 0 9 2
3 1 11 3
3 2 14 4
3 3 5 0
3 4 16 6
3 5 19 7
3 6 8 0
3 7 21 9
3 8 10 1
3 9 23 11
3 10 12 2
3 11 25 13
3 12 27 14
3 13 15 3
3 14 29 16
3 15 17 5
3 16 31 18
3 17 33 19
3 18 20 6
3 19 34 21
3 20 22 8
3 21 36 23
3 22 24 10
3 23 38 25
3 24 26 12
3 25 39 27
3 26 28 13
3 27 41 29
3 28 30 15
3 29 43 31
3 30 32 17
3 31 44 33
3 32 34 18
3 33 35 20
3 34 45 36
3 35 37 22
3 36 47 38
3 37 39 24
3 38 40 26
3 39 47 41
3 40 42 28
3 41 46 43
3 42 44 30
3 43 45 32
3 44 46 35
3 45 42 47
3 46 40 37
13
 3 7 9 12 16 20 23 26 30 33 37 41 45
48
3 4 7 1
3 0 9 2
3 1 11 3
3 2 14 4
3 3 5 0
3 4 16 6
3 5 19 7
3 6 8 0
3 7 21 9
3 8 10 1
3 9 23 11
3 10 12 2
3 11 25 13
3 12 27 14
3 13 15 3
3 14 29 16
3 15 17 5
3 16 31 18
3 17 33 19
3 18 20 6
3 19 34 21
3 20 22 8
3 21 36 23
3 22 24 10
3 23 38 25
3 24 26 12
3 25 40 27
3 26 28 13
3 27 41 29
3 28 30 15
3 29 42 31
3 30 32 17
3 31 44 33
3 32 34 18
3 33 35 20
3 34 45 36
3 35 37 22
3 36 46 38
3 37 39 24
3 38 47 40
3 39 41 26
3 40 42 28
3 41 43 30
3 42 47 44
3 43 45 32
3 44 46 35
3 45 47 37
3 46 43 39
14
 5 7 9 11 14 20 24 28 31 33 36 40 43 46
48
3 4 7 1
3 0 9 2
3 1 11 3
3 2 14 4
3 3 5 0
3 4 16 6
3 5 19 7
3 6 8 0
3 7 21 9
3 8 10 1
3 9 23 11
3 10 12 2
3 11 25 13
3 12 27 14
3 13 15 3
3 14 29 16
3 15 17 5
3 16 31 18
3 17 33 19
3 18 20 6
3 19 34 21
3 20 22 8
3 21 36 23
3 22 24 10
3 23 38 25
3 24 26 12
3 25 40 27
3 26 28 13
3 27 41 29
3 28 30 15
3 29 43 31
3 30 32 17
3 31 44 33
3 32 34 18
3 33 35 20
3 34 45 36
3 35 37 22
3 36 46 38
3 37 39 24
3 38 47 40
3 39 41 26
3 40 42 28
3 41 47 43
3 42 44 30
3 43 45 32
3 44 46 35
3 45 47 37
3 46 42 39
14
 5 7 9 11 14 20 24 28 31 33 36 40 43 46
48
3 4 7 1
3 0 9 2
3 1 11 3
3 2 14 4
3 3 5 0
3 4 16 6
3 5 19 7
3 6 8 0
3 7 21 9
3 8 10 1
3 9 23 11
3 10 12 2
3 11 25 13
3 12 27 14
3 13 15 3
3 14 29 16
3 15 17 5
3 16 31 18
3 17 33 19
3 18 20 6
3 19 34 21
3 20 22 8
3 21 36 23
3 22 24 10
3 23 38 25
3 24 26 12
3 25 40 27
3 26 28 13
3 27 41 29
3 28 30 15
3 29 43 31
3 30 32 17
3 31 45 33
3 32 34 18
3 33 35 20
3 34 45 36
3 35 37 22
3 36 46 38
3 37 39 24
3 38 47 40
3 39 41 26
3 40 42 28
3 41 47 43
3 42 44 30
3 43 46 45
3 44 35 32
3 44 47 37
3 46 42 39
14
 5 7 9 11 14 20 24 28 31 33 36 40 42 44
48
3 4 7 1
3 0 9 2
3 1 11 3
3 2 14 4
3 3 5 0
3 4 16 6
3 5 19 7
3 6 8 0
3 7 21 9
3 8 10 1
3 9 23 11
3 10 12 2
3 11 25 13
3 12 27 14
3 13 15 3
3 14 29 16
3 15 17 5
3 16 31 18
3 17 33 19
3 18 20 6
3 19 35 21
3 20 22 8
3 21 36 23
3 22 24 10
3 23 38 25
3 24 26 12
3 25 39 27
3 26 28 13
3 27 41 29
3 28 30 15
3 29 42 31
3 30 32 17
3 31 44 33
3 32 34 18
3 33 45 35
3 34 36 20
3 35 37 22
3 36 46 38
3 37 39 24
3 38 40 26
3 39 47 41
3 40 42 28
3 41 43 30
3 42 47 44
3 43 45 32
3 44 46 34
3 45 47 37
3 46 43 40
13
 3 7 9 12 16 20 23 27 30 33 37 40 44
48
3 4 7 1
3 0 9 2
3 1 11 3
3 2 14 4
3 3 5 0
3 4 16 6
3 5 19 7
3 6 8 0
3 7 21 9
3 8 10 1
3 9 23 11
3 10 12 2
3 11 25 13
3 12 27 14
3 13 15 3
3 14 29 16
3 15 17 5
3 16 31 18
3 17 33 19
3 18 20 6
3 19 35 21
3 20 22 8
3 21 36 23
3 22 24 10
3 23 38 25
3 24 26 12
3 25 40 27
3 26 28 13
3 27 41 29
3 28 30 15
3 29 42 31
3 30 32 17
3 31 44 33
3 32 34 18
3 33 45 35
3 34 36 20
3 35 37 22
3 36 46 38
3 37 39 24
3 38 47 40
3 39 41 26
3 40 42 28
3 41 43 30
3 42 47 44
3 43 45 32
3 44 46 34
3 45 47 37
3 46 43 39
13
 2 4 8 15 19 23 25 27 31 34 37 40 43
48
3 4 7 1
3 0 9 2
3 1 11 3
3 2 14 4
3 3 5 0
3 4 16 6
3 5 19 7
3 6 8 0
3 7 21 9
3 8 10 1
3 9 23 11
3 10 12 2
3 11 25 13
3 12 27 14
3 13 15 3
3 14 29 16
3 15 17 5
3 16 31 18
3 17 33 19
3 18 20 6
3 19 35 21
3 20 22 8
3 21 36 23
3 22 24 10
3 23 38 25
3 24 26 12
3 25 40 27
3 26 28 13
3 27 41 29
3 28 30 15
3 29 43 31
3 30 32 17
3 31 44 33
3 32 34 18
3 33 45 35
3 34 36 20
3 35 37 22
3 36 46 38
3 37 39 24
3 38 47 40
3 39 41 26
3 40 42 28
3 41 47 43
3 42 44 30
3 43 45 32
3 44 46 34
3 45 47 37
3 46 42 39
14
 5 7 9 11 14 20 24 28 31 33 36 40 43 46
48
3 4 7 1
3 0 9 2
3 1 11 3
3 2 14 4
3 3 5 0
3 4 16 6
3 5 19 7
3 6 8 0
3 7 21 9
3 8 10 1
3 9 23 11
3 10 12 2
3 11 25 13
3 12 27 14
3 13 15 3
3 14 29 16
3 15 17 5
3 16 31 18
3 17 33 19
3 18 20 6
3 19 35 21
3 20 22 8
3 21 36 23
3 22 24 10
3 23 38 25
3 24 26 12
3 25 40 27
3 26 28 13
3 27 41 29
3 28 30 15
3 29 43 31
3 30 32 17
3 31 44 33
3 32 34 18
3 33 46 35
3 34 36 20
3 35 37 22
3 36 46 38
3 37 39 24
3 38 47 40
3 39 41 26
3 40 42 28
3 41 47 43
3 42 44 30
3 43 45 32
3 44 47 46
3 45 37 34
3 45 42 39
13
 3 7 9 12 16 20 22 27 30 33 38 41 45
48
3 4 7 1
3 0 9 2
3 1 11 3
3 2 14 4
3 3 5 0
3 4 16 6
3 5 19 7
3 6 8 0
3 7 21 9
3 8 10 1
3 9 23 11
3 10 12 2
3 11 25 13
3 12 27 14
3 13 15 3
3 14 29 16
3 15 17 5
3 16 31 18
3 17 33 19
3 18 20 6
3 19 35 21
3 20 22 8
3 21 37 23
3 22 24 10
3 23 38 25
3 24 26 12
3 25 40 27
3 26 28 13
3 27 41 29
3 28 30 15
3 29 42 31
3 30 32 17
3 31 44 33
3 32 34 18
3 33 45 35
3 34 36 20
3 35 46 37
3 36 38 22
3 37 39 24
3 38 47 40
3 39 41 26
3 40 42 28
3 41 43 30
3 42 47 44
3 43 45 32
3 44 46 34
3 45 47 36
3 46 43 39
14
 5 7 9 11 14 20 24 28 31 33 37 40 43 46
48
3 4 7 1
3 0 9 2
3 1 11 3
3 2 14 4
3 3 5 0
3 4 16 6
3 5 19 7
3 6 8 0
3 7 21 9
3 8 10 1
3 9 23 11
3 10 12 2
3 11 25 13
3 12 27 14
3 13 15 3
3 14 29 16
3 15 17 5
3 16 31 18
3 17 33 19
3 18 20 6
3 19 35 21
3 20 22 8
3 21 37 23
3 22 24 10
3 23 38 25
3 24 26 12
3 25 40 27
3 26 28 13
3 27 41 29
3 28 30 15
3 29 43 31
3 30 32 17
3 31 44 33
3 32 34 18
3 33 45 35
3 34 36 20
3 35 46 37
3 36 38 22
3 37 39 24
3 38 47 40
3 39 41 26
3 40 42 28
3 41 47 43
3 42 44 30
3 43 45 32
3 44 46 34
3 45 47 36
3 46 42 39
14
 5 7 9 11 14 20 24 28 31 33 37 40 43 46
48
3 4 7 1
3 0 9 2
3 1 11 3
3 2 14 4
3 3 5 0
3 4 16 6
3 5 19 7
3 6 8 0
3 7 21 9
3 8 10 1
3 9 23 11
3 10 12 2
3 11 25 13
3 12 27 14
3 13 15 3
3 14 29 16
3 15 17 5
3 16 31 18
3 17 33 19
3 18 20 6
3 19 35 21
3 20 22 8
3 21 37 23
3 22 24 10
3 23 38 25
3 24 26 12
3 25 40 27
3 26 28 13
3 27 41 29
3 28 30 15
3 29 43 31
3 30 32 17
3 31 44 33
3 32 34 18
3 33 45 35
3 34 36 20
3 35 47 37
3 36 38 22
3 37 39 24
3 38 47 40
3 39 41 26
3 40 42 28
3 41 46 43
3 42 44 30
3 43 45 32
3 44 46 34
3 45 42 47
3 46 39 36
14
 5 7 9 11 14 20 24 28 31 33 37 40 44 46
48
3 4 7 1
3 0 9 2
3 1 11 3
3 2 14 4
3 3 5 0
3 4 16 6
3 5 19 7
3 6 8 0
3 7 21 9
3 8 10 1
3 9 23 11
3 10 12 2
3 11 25 13
3 12 27 14
3 13 15 3
3 14 29 16
3 15 17 5
3 16 31 18
3 17 33 19
3 18 20 6
3 19 35 21
3 20 22 8
3 21 37 23
3 22 24 10
3 23 39 25
3 24 26 12
3 25 40 27
3 26 28 13
3 27 41 29
3 28 30 15
3 29 43 31
3 30 32 17
3 31 44 33
3 32 34 18
3 33 45 35
3 34 36 20
3 35 46 37
3 36 38 22
3 37 47 39
3 38 40 24
3 39 41 26
3 40 42 28
3 41 47 43
3 42 44 30
3 43 45 32
3 44 46 34
3 45 47 36
3 46 42 38
14
 5 7 9 11 14 20 24 28 31 33 37 40 43 46
48
3 4 7 1
3 0 9 2
3 1 11 3
3 2 14 4
3 3 5 0
3 4 16 6
3 5 19 7
3 6 8 0
3 7 21 9
3 8 10 1
3 9 23 11
3 10 12 2
3 11 25 13
3 12 27 14
3 13 15 3
3 14 29 16
3 15 17 5
3 16 31 18
3 17 34 19
3 18 20 6
3 19 35 21
3 20 22 8
3 21 37 23
3 22 24 10
3 23 39 25
3 24 26 12
3 25 41 27
3 26 28 13
3 27 42 29
3 28 30 15
3 29 43 31
3 30 32 17
3 31 44 33
3 32 47 34
3 33 35 18
3 34 36 20
3 35 47 37
3 36 38 22
3 37 46 39
3 38 40 24
3 39 45 41
3 40 42 26
3 41 43 28
3 42 44 30
3 43 45 32
3 44 40 46
3 45 38 47
3 46 36 33
14
 5 7 9 11 14 20 24 28 31 34 37 41 44 46
48
3 4 7 1
3 0 9 2
3 1 11 3
3 2 14 4
3 3 5 0
3 4 16 6
3 5 19 7
3 6 8 0
3 7 21 9
3 8 10 1
3 9 23 11
3 10 12 2
3 11 25 13
3 12 27 14
3 13 15 3
3 14 29 16
3 15 17 5
3 16 31 18
3 17 34 19
3 18 20 6
3 19 35 21
3 20 22 8
3 21 37 23
3 22 24 10
3 23 39 25
3 24 26 12
3 25 41 27
3 26 28 13
3 27 42 29
3 28 30 15
3 29 43 31
3 30 32 17
3 31 45 33
3 32 47 34
3 33 35 18
3 34 36 20
3 35 47 37
3 36 38 22
3 37 46 39
3 38 40 24
3 39 44 41
3 40 42 26
3 41 43 28
3 42 44 30
3 43 40 45
3 44 46 32
3 45 38 47
3 46 36 33
14
 5 7 9 11 14 20 24 28 31 34 37 41 44 46
48
3 4 7 1
3 0 9 2
3 1 11 3
3 2 14 4
3 3 5 0
3 4 16 6
3 5 19 7
3 6 8 0
3 7 21 9
3 8 10 1
3 9 23 11
3 10 12 2
3 11 25 13
3 12 27 14
3 13 15 3
3 14 29 16
3 15 17 5
3 16 31 18
3 17 34 19
3 18 20 6
3 19 36 21
3 20 22 8
3 21 37 23
3 22 24 10
3 23 39 25
3 24 26 12
3 25 41 27
3 26 28 13
3 27 42 29
3 28 30 15
3 29 43 31
3 30 32 17
3 31 44 33
3 32 46 34
3 33 35 18
3 34 47 36
3 35 37 20
3 36 38 22
3 37 47 39
3 38 40 24
3 39 45 41
3 40 42 26
3 41 43 28
3 42 44 30
3 43 45 32
3 44 40 46
3 45 47 33
3 46 38 35
13
 1 4 7 12 15 20 23 27 31 34 38 42 45
48
3 4 7 1
3 0 9 2
3 1 11 3
3 2 14 4
3 3 5 0
3 4 16 6
3 5 19 7
3 6 8 0
3 7 21 9
3 8 10 1
3 9 23 11
3 10 12 2
3 11 25 13
3 12 28 14
3 13 15 3
3 14 29 16
3 15 17 5
3 16 31 18
3 17 33 19
3 18 20 6
3 19 35 21
3 20 22 8
3 21 36 23
3 22 24 10
3 23 38 25
3 24 26 12
3 25 39 27
3 26 41 28
3 27 29 13
3 28 30 15
3 29 42 31
3 30 32 17
3 31 44 33
3 32 34 18
3 33 45 35
3 34 36 20
3 35 37 22
3 36 46 38
3 37 39 24
3 38 40 26
3 39 47 41
3 40 42 27
3 41 43 30
3 42 47 44
3 43 45 32
3 44 46 34
3 45 47 37
3 46 43 40
13
 3 7 9 12 16 20 23 27 30 33 37 40 44
48
3 4 7 1
3 0 9 2
3 1 11 3
3 2 14 4
3 3 5 0
3 4 16 6
3 5 19 7
3 6 8 0
3 7 21 9
3 8 10 1
3 9 23 11
3 10 12 2
3 11 25 13
3 12 28 14
3 13 15 3
3 14 29 16
3 15 17 5
3 16 31 18
3 17 33 19
3 18 20 6
3 19 35 21
3 20 22 8
3 21 37 23
3 22 24 10
3 23 39 25
3 24 26 12
3 25 40 27
3 26 43 28
3 27 29 13
3 28 30 15
3 29 43 31
3 30 32 17
3 31 44 33
3 32 34 18
3 33 45 35
3 34 36 20
3 35 46 37
3 36 38 22
3 37 47 39
3 38 40 24
3 39 41 26
3 40 47 42
3 41 44 43
3 42 30 27
3 42 45 32
3 44 46 34
3 45 47 36
3 46 41 38
13
 3 7 9 12 16 20 24 27 30 33 37 41 45
48
3 4 7 1
3 0 9 2
3 1 11 3
3 2 14 4
3 3 5 0
3 4 16 6
3 5 19 7
3 6 8 0
3 7 21 9
3 8 10 1
3 9 23 11
3 10 12 2
3 11 25 13
3 12 28 14
3 13 15 3
3 14 29 16
3 15 17 5
3 16 31 18
3 17 34 19
3 18 20 6
3 19 36 21
3 20 22 8
3 21 37 23
3 22 24 10
3 23 39 25
3 24 26 12
3 25 41 27
3 26 43 28
3 27 29 13
3 28 30 15
3 29 43 31
3 30 32 17
3 31 44 33
3 32 46 34
3 33 35 18
3 34 47 36
3 35 37 20
3 36 38 22
3 37 47 39
3 38 40 24
3 39 45 41
3 40 42 26
3 41 44 43
3 42 30 27
3 42 45 32
3 44 40 46
3 45 47 33
3 46 38 35
13
 1 4 7 12 15 20 23 27 31 34 38 42 45
48
3 4 7 1
3 0 9 2
3 1 12 3
3 2 14 4
3 3 5 0
3 4 16 6
3 5 18 7
3 6 8 0
3 7 20 9
3 8 10 1
3 9 22 11
3 10 24 12
3 11 13 2
3 12 26 14
3 13 15 3
3 14 28 16
3 15 17 5
3 16 30 18
3 17 19 6
3 18 32 20
3 19 21 8
3 20 34 22
3 21 23 10
3 22 36 24
3 23 25 11
3 24 37 26
3 25 27 13
3 26 39 28
3 27 29 15
3 28 41 30
3 29 31 17
3 30 42 32
3 31 33 19
3 32 44 34
3 33 35 21
3 34 45 36
3 35 37 23
3 36 38 25
3 37 46 39
3 38 40 27
3 39 47 41
3 40 42 29
3 41 43 31
3 42 47 44
3 43 45 33
3 44 46 35
3 45 47 38
3 46 43 40
14
 5 7 9 12 14 19 23 27 30 34 37 41 44 46
48
3 4 7 1
3 0 9 2
3 1 12 3
3 2 14 4
3 3 5 0
3 4 16 6
3 5 18 7
3 6 8 0
3 7 20 9
3 8 10 1
3 9 22 11
3 10 24 12
3 11 13 2
3 12 26 14
3 13 15 3
3 14 28 16
3 15 17 5
3 16 30 18
3 17 19 6
3 18 32 20
3 19 21 8
3 20 34 22
3 21 23 10
3 22 36 24
3 23 25 11
3 24 38 26
3 25 27 13
3 26 39 28
3 27 29 15
3 28 41 30
3 29 31 17
3 30 42 32
3 31 33 19
3 32 44 34
3 33 35 21
3 34 45 36
3 35 37 23
3 36 46 38
3 37 39 25
3 38 40 27
3 39 47 41
3 40 42 29
3 41 43 31
3 42 47 44
3 43 45 33
3 44 46 35
3 45 47 37
3 46 43 40
14
 5 7 9 12 14 19 23 27 30 34 38 41 44 46
48
3 4 7 1
3 0 9 2
3 1 12 3
3 2 14 4
3 3 5 0
3 4 16 6
3 5 18 7
3 6 8 0
3 7 20 9
3 8 10 1
3 9 22 11
3 10 24 12
3 11 13 2
3 12 26 14
3 13 15 3
3 14 28 16
3 15 17 5
3 16 30 18
3 17 19 6
3 18 32 20
3 19 21 8
3 20 34 22
3 21 23 10
3 22 36 24
3 23 25 11
3 24 38 26
3 25 27 13
3 26 39 28
3 27 29 15
3 28 41 30
3 29 31 17
3 30 43 32
3 31 33 19
3 32 44 34
3 33 35 21
3 34 45 36
3 35 37 23
3 36 47 38
3 37 39 25
3 38 40 27
3 39 47 41
3 40 42 29
3 41 46 43
3 42 44 31
3 43 45 33
3 44 46 35
3 45 42 47
3 46 40 37
14
 5 7 9 12 14 19 23 27 30 34 38 41 44 46
48
3 4 7 1
3 0 9 2
3 1 12 3
3 2 14 4
3 3 5 0
3 4 16 6
3 5 18 7
3 6 8 0
3 7 20 9
3 8 10 1
3 9 22 11
3 10 24 12
3 11 13 2
3 12 26 14
3 13 15 3
3 14 28 16
3 15 17 5
3 16 30 18
3 17 19 6
3 18 32 20
3 19 21 8
3 20 34 22
3 21 23 10
3 22 36 24
3 23 25 11
3 24 38 26
3 25 27 13
3 26 40 28
3 27 29 15
3 28 41 30
3 29 31 17
3 30 43 32
3 31 33 19
3 32 44 34
3 33 35 21
3 34 45 36
3 35 37 23
3 36 46 38
3 37 39 25
3 38 47 40
3 39 41 27
3 40 42 29
3 41 47 43
3 42 44 31
3 43 45 33
3 44 46 35
3 45 47 37
3 46 42 39
13
 5 7 9 12 14 19 23 27 30 34 38 42 45
48
3 4 7 1
3 0 9 2
3 1 12 3
3 2 14 4
3 3 5 0
3 4 16 6
3 5 18 7
3 6 8 0
3 7 20 9
3 8 10 1
3 9 22 11
3 10 25 12
3 11 13 2
3 12 26 14
3 13 15 3
3 14 28 16
3 15 17 5
3 16 30 18
3 17 19 6
3 18 32 20
3 19 21 8
3 20 34 22
3 21 23 10
3 22 36 24
3 23 38 25
3 24 26 11
3 25 27 13
3 26 39 28
3 27 29 15
3 28 41 30
3 29 31 17
3 30 42 32
3 31 33 19
3 32 44 34
3 33 35 21
3 34 45 36
3 35 37 23
3 36 46 38
3 37 39 24
3 38 40 27
3 39 47 41
3 40 42 29
3 41 43 31
3 42 47 44
3 43 45 33
3 44 46 35
3 45 47 37
3 46 43 40
14
 5 7 9 12 14 19 23 26 29 30 34 39 43 46
48
3 4 7 1
3 0 9 2
3 1 12 3
3 2 14 4
3 3 5 0
3 4 16 6
3 5 18 7
3 6 8 0
3 7 20 9
3 8 10 1
3 9 22 11
3 10 25 12
3 11 13 2
3 12 26 14
3 13 15 3
3 14 28 16
3 15 17 5
3 16 30 18
3 17 19 6
3 18 32 20
3 19 21 8
3 20 34 22
3 21 23 10
3 22 36 24
3 23 38 25
3 24 26 11
3 25 27 13
3 26 39 28
3 27 29 15
3 28 41 30
3 29 31 17
3 30 43 32
3 31 33 19
3 32 44 34
3 33 35 21
3 34 45 36
3 35 37 23
3 36 47 38
3 37 39 24
3 38 40 27
3 39 47 41
3 40 42 29
3 41 46 43
3 42 44 31
3 43 45 33
3 44 46 35
3 45 42 47
3 46 40 37
13
 1 5 8 11 14 18 23 27 31 34 37 41 45
48
3 4 7 1
3 0 9 2
3 1 12 3
3 2 14 4
3 3 5 0
3 4 16 6
3 5 18 7
3 6 8 0
3 7 20 9
3 8 10 1
3 9 22 11
3 10 25 12
3 11 13 2
3 12 27 14
3 13 15 3
3 14 28 16
3 15 17 5
3 16 30 18
3 17 19 6
3 18 32 20
3 19 21 8
3 20 34 22
3 21 23 10
3 22 36 24
3 23 38 25
3 24 26 11
3 25 40 27
3 26 28 13
3 27 29 15
3 28 41 30
3 29 31 17
3 30 43 32
3 31 33 19
3 32 44 34
3 33 35 21
3 34 45 36
3 35 37 23
3 36 46 38
3 37 39 24
3 38 47 40
3 39 41 26
3 40 42 29
3 41 47 43
3 42 44 31
3 43 45 33
3 44 46 35
3 45 47 37
3 46 42 39
13
 4 7 9 12 15 19 23 26 30 34 38 42 45
48
3 4 7 1
3 0 9 2
3 1 12 3
3 2 14 4
3 3 5 0
3 4 16 6
3 5 18 7
3 6 8 0
3 7 20 9
3 8 10 1
3 9 22 11
3 10 25 12
3 11 13 2
3 12 27 14
3 13 15 3
3 14 29 16
3 15 17 5
3 16 31 18
3 17 19 6
3 18 33 20
3 19 21 8
3 20 35 22
3 21 23 10
3 22 36 24
3 23 38 25
3 24 26 11
3 25 39 27
3 26 28 13
3 27 41 29
3 28 30 15
3 29 42 31
3 30 32 17
3 31 44 33
3 32 34 19
3 33 45 35
3 34 36 21
3 35 37 23
3 36 46 38
3 37 39 24
3 38 40 26
3 39 47 41
3 40 42 28
3 41 43 30
3 42 47 44
3 43 45 32
3 44 46 34
3 45 47 37
3 46 43 40
13
 4 6 9 12 15 20 23 26 31 34 37 41 43
48
3 4 7 1
3 0 9 2
3 1 12 3
3 2 14 4
3 3 5 0
3 4 16 6
3 5 18 7
3 6 8 0
3 7 20 9
3 8 10 1
3 9 22 11
3 10 25 12
3 11 13 2
3 12 27 14
3 13 15 3
3 14 29 16
3 15 17 5
3 16 31 18
3 17 19 6
3 18 33 20
3 19 21 8
3 20 35 22
3 21 23 10
3 22 36 24
3 23 38 25
3 24 26 11
3 25 40 27
3 26 28 13
3 27 41 29
3 28 30 15
3 29 42 31
3 30 32 17
3 31 44 33
3 32 34 19
3 33 45 35
3 34 36 21
3 35 37 23
3 36 46 38
3 37 39 24
3 38 47 40
3 39 41 26
3 40 42 28
3 41 43 30
3 42 47 44
3 43 45 32
3 44 46 34
3 45 47 37
3 46 43 39
13
 2 5 7 10 15 19 24 27 31 35 40 43 46
48
3 4 7 1
3 0 9 2
3 1 12 3
3 2 14 4
3 3 5 0
3 4 16 6
3 5 18 7
3 6 8 0
3 7 20 9
3 8 10 1
3 9 22 11
3 10 25 12
3 11 13 2
3 12 27 14
3 13 15 3
3 14 29 16
3 15 17 5
3 16 31 18
3 17 19 6
3 18 33 20
3 19 21 8
3 20 35 22
3 21 23 10
3 22 36 24
3 23 38 25
3 24 26 11
3 25 40 27
3 26 28 13
3 27 41 29
3 28 30 15
3 29 43 31
3 30 32 17
3 31 44 33
3 32 34 19
3 33 45 35
3 34 36 21
3 35 37 23
3 36 46 38
3 37 39 24
3 38 47 40
3 39 41 26
3 40 42 28
3 41 47 43
3 42 44 30
3 43 45 32
3 44 46 34
3 45 47 37
3 46 42 39
13
 2 5 7 10 15 19 24 27 31 35 40 43 46
48
3 4 7 1
3 0 9 2
3 1 12 3
3 2 14 4
3 3 5 0
3 4 16 6
3 5 18 7
3 6 8 0
3 7 20 9
3 8 10 1
3 9 22 11
3 10 25 12
3 11 13 2
3 12 27 14
3 13 15 3
3 14 29 16
3 15 17 5
3 16 31 18
3 17 19 6
3 18 33 20
3 19 21 8
3 20 35 22
3 21 23 10
3 22 36 24
3 23 38 25
3 24 26 11
3 25 40 27
3 26 28 13
3 27 41 29
3 28 30 15
3 29 43 31
3 30 32 17
3 31 44 33
3 32 34 19
3 33 46 35
3 34 36 21
3 35 37 23
3 36 46 38
3 37 39 24
3 38 47 40
3 39 41 26
3 40 42 28
3 41 47 43
3 42 44 30
3 43 45 32
3 44 47 46
3 45 37 34
3 45 42 39
14
 5 7 9 12 14 19 23 26 30 31 35 38 41 45
48
3 4 7 1
3 0 9 2
3 1 12 3
3 2 14 4
3 3 5 0
3 4 16 6
3 5 18 7
3 6 8 0
3 7 20 9
3 8 10 1
3 9 22 11
3 10 25 12
3 11 13 2
3 12 27 14
3 13 15 3
3 14 29 16
3 15 17 5
3 16 31 18
3 17 19 6
3 18 33 20
3 19 21 8
3 20 35 22
3 21 23 10
3 22 37 24
3 23 39 25
3 24 26 11
3 25 40 27
3 26 28 13
3 27 41 29
3 28 30 15
3 29 43 31
3 30 32 17
3 31 44 33
3 32 34 19
3 33 45 35
3 34 36 21
3 35 46 37
3 36 38 23
3 37 47 39
3 38 40 24
3 39 41 26
3 40 42 28
3 41 47 43
3 42 44 30
3 43 45 32
3 44 46 34
3 45 47 36
3 46 42 38
13
 1 4 7 11 15 19 23 27 31 35 39 42 45
48
3 4 7 1
3 0 9 2
3 1 12 3
3 2 14 4
3 3 5 0
3 4 16 6
3 5 19 7
3 6 8 0
3 7 21 9
3 8 10 1
3 9 23 11
3 10 25 12
3 11 13 2
3 12 26 14
3 13 15 3
3 14 28 16
3 15 17 5
3 16 30 18
3 17 32 19
3 18 20 6
3 19 34 21
3 20 22 8
3 21 36 23
3 22 24 10
3 23 38 25
3 24 26 11
3 25 27 13
3 26 39 28
3 27 29 15
3 28 41 30
3 29 31 17
3 30 42 32
3 31 33 18
3 32 44 34
3 33 35 20
3 34 45 36
3 35 37 22
3 36 46 38
3 37 39 24
3 38 40 27
3 39 47 41
3 40 42 29
3 41 43 31
3 42 47 44
3 43 45 33
3 44 46 35
3 45 47 37
3 46 43 40
14
 5 7 9 12 14 20 24 27 30 32 36 41 44 46
48
3 4 7 1
3 0 9 2
3 1 12 3
3 2 14 4
3 3 5 0
3 4 16 6
3 5 19 7
3 6 8 0
3 7 21 9
3 8 10 1
3 9 23 11
3 10 25 12
3 11 13 2
3 12 27 14
3 13 15 3
3 14 28 16
3 15 17 5
3 16 30 18
3 17 32 19
3 18 20 6
3 19 34 21
3 20 22 8
3 21 36 23
3 22 24 10
3 23 38 25
3 24 26 11
3 25 40 27
3 26 28 13
3 27 29 15
3 28 41 30
3 29 31 17
3 30 43 32
3 31 33 18
3 32 44 34
3 33 35 20
3 34 45 36
3 35 37 22
3 36 46 38
3 37 39 24
3 38 47 40
3 39 41 26
3 40 42 29
3 41 47 43
3 42 44 31
3 43 45 33
3 44 46 35
3 45 47 37
3 46 42 39
13
 5 7 9 12 14 18 22 26 29 34 38 43 46
48
3 4 7 1
3 0 9 2
3 1 12 3
3 2 14 4
3 3 5 0
3 4 16 6
3 5 19 7
3 6 8 0
3 7 21 9
3 8 10 1
3 9 23 11
3 10 25 12
3 11 13 2
3 12 27 14
3 13 15 3
3 14 28 16
3 15 17 5
3 16 30 18
3 17 33 19
3 18 20 6
3 19 34 21
3 20 22 8
3 21 36 23
3 22 24 10
3 23 38 25
3 24 26 11
3 25 40 27
3 26 28 13
3 27 29 15
3 28 41 30
3 29 31 17
3 30 42 32
3 31 44 33
3 32 34 18
3 33 35 20
3 34 45 36
3 35 37 22
3 36 46 38
3 37 39 24
3 38 47 40
3 39 41 26
3 40 42 29
3 41 43 31
3 42 47 44
3 43 45 32
3 44 46 35
3 45 47 37
3 46 43 39
14
 5 7 9 12 14 20 24 28 30 33 36 40 43 46
48
3 4 7 1
3 0 9 2
3 1 12 3
3 2 14 4
3 3 5 0
3 4 16 6
3 5 19 7
3 6 8 0
3 7 21 9
3 8 10 1
3 9 23 11
3 10 25 12
3 11 13 2
3 12 27 14
3 13 15 3
3 14 28 16
3 15 17 5
3 16 30 18
3 17 33 19
3 18 20 6
3 19 34 21
3 20 22 8
3 21 36 23
3 22 24 10
3 23 38 25
3 24 26 11
3 25 40 27
3 26 28 13
3 27 29 15
3 28 41 30
3 29 31 17
3 30 43 32
3 31 45 33
3 32 34 18
3 33 35 20
3 34 45 36
3 35 37 22
3 36 46 38
3 37 39 24
3 38 47 40
3 39 41 26
3 40 42 29
3 41 47 43
3 42 44 31
3 43 46 45
3 44 35 32
3 44 47 37
3 46 42 39
13
 4 6 9 12 15 22 26 30 33 34 38 42 44
48
3 4 7 1
3 0 9 2
3 1 12 3
3 2 14 4
3 3 5 0
3 4 16 6
3 5 19 7
3 6 8 0
3 7 21 9
3 8 10 1
3 9 23 11
3 10 25 12
3 11 13 2
3 12 27 14
3 13 15 3
3 14 29 16
3 15 17 5
3 16 30 18
3 17 32 19
3 18 20 6
3 19 34 21
3 20 22 8
3 21 36 23
3 22 24 10
3 23 37 25
3 24 26 11
3 25 39 27
3 26 28 13
3 27 41 29
3 28 30 15
3 29 31 17
3 30 42 32
3 31 33 18
3 32 44 34
3 33 35 20
3 34 45 36
3 35 37 22
3 36 38 24
3 37 46 39
3 38 40 26
3 39 47 41
3 40 42 28
3 41 43 31
3 42 47 44
3 43 45 33
3 44 46 35
3 45 47 38
3 46 43 40
14
 5 7 9 12 14 20 24 28 30 32 36 39 43 46
48
3 4 7 1
3 0 9 2
3 1 12 3
3 2 14 4
3 3 5 0
3 4 16 6
3 5 19 7
3 6 8 0
3 7 21 9
3 8 10 1
3 9 23 11
3 10 25 12
3 11 13 2
3 12 27 14
3 13 15 3
3 14 29 16
3 15 17 5
3 16 30 18
3 17 32 19
3 18 20 6
3 19 34 21
3 20 22 8
3 21 36 23
3 22 24 10
3 23 38 25
3 24 26 11
3 25 39 27
3 26 28 13
3 27 41 29
3 28 30 15
3 29 31 17
3 30 42 32
3 31 33 18
3 32 44 34
3 33 35 20
3 34 45 36
3 35 37 22
3 36 46 38
3 37 39 24
3 38 40 26
3 39 47 41
3 40 42 28
3 41 43 31
3 42 47 44
3 43 45 33
3 44 46 35
3 45 47 37
3 46 43 40
14
 5 7 9 12 14 20 24 28 30 32 36 39 43 46
48
3 4 7 1
3 0 9 2
3 1 12 3
3 2 14 4
3 3 5 0
3 4 16 6
3 5 19 7
3 6 8 0
3 7 21 9
3 8 10 1
3 9 23 11
3 10 25 12
3 11 13 2
3 12 27 14
3 13 15 3
3 14 29 16
3 15 17 5
3 16 30 18
3 17 33 19
3 18 20 6
3 19 34 21
3 20 22 8
3 21 36 23
3 22 24 10
3 23 38 25
3 24 26 11
3 25 39 27
3 26 28 13
3 27 41 29
3 28 30 15
3 29 31 17
3 30 42 32
3 31 44 33
3 32 34 18
3 33 35 20
3 34 45 36
3 35 37 22
3 36 46 38
3 37 39 24
3 38 40 26
3 39 47 41
3 40 42 28
3 41 43 31
3 42 47 44
3 43 45 32
3 44 46 35
3 45 47 37
3 46 43 40
14
 5 7 9 12 14 20 24 28 30 33 36 39 43 46
48
3 4 7 1
3 0 9 2
3 1 12 3
3 2 14 4
3 3 5 0
3 4 16 6
3 5 19 7
3 6 8 0
3 7 21 9
3 8 10 1
3 9 23 11
3 10 25 12
3 11 13 2
3 12 27 14
3 13 15 3
3 14 29 16
3 15 17 5
3 16 30 18
3 17 33 19
3 18 20 6
3 19 34 21
3 20 22 8
3 21 36 23
3 22 24 10
3 23 38 25
3 24 26 11
3 25 40 27
3 26 28 13
3 27 41 29
3 28 30 15
3 29 31 17
3 30 42 32
3 31 44 33
3 32 34 18
3 33 35 20
3 34 45 36
3 35 37 22
3 36 46 38
3 37 39 24
3 38 47 40
3 39 41 26
3 40 42 28
3 41 43 31
3 42 47 44
3 43 45 32
3 44 46 35
3 45 47 37
3 46 43 39
14
 5 7 9 12 14 20 24 28 30 33 36 40 43 46
48
3 4 7 1
3 0 9 2
3 1 12 3
3 2 14 4
3 3 5 0
3 4 16 6
3 5 19 7
3 6 8 0
3 7 21 9
3 8 10 1
3 9 23 11
3 10 25 12
3 11 13 2
3 12 27 14
3 13 15 3
3 14 29 16
3 15 17 5
3 16 31 18
3 17 33 19
3 18 20 6
3 19 34 21
3 20 22 8
3 21 36 23
3 22 24 10
3 23 37 25
3 24 26 11
3 25 39 27
3 26 28 13
3 27 41 29
3 28 30 15
3 29 42 31
3 30 32 17
3 31 44 33
3 32 34 18
3 33 35 20
3 34 45 36
3 35 37 22
3 36 38 24
3 37 46 39
3 38 40 26
3 39 47 41
3 40 42 28
3 41 43 30
3 42 47 44
3 43 45 32
3 44 46 35
3 45 47 38
3 46 43 40
14
 5 7 9 12 14 20 24 28 31 33 36 39 43 46
48
3 4 7 1
3 0 9 2
3 1 12 3
3 2 14 4
3 3 5 0
3 4 16 6
3 5 19 7
3 6 8 0
3 7 21 9
3 8 10 1
3 9 23 11
3 10 25 12
3 11 13 2
3 12 27 14
3 13 15 3
3 14 29 16
3 15 17 5
3 16 31 18
3 17 33 19
3 18 20 6
3 19 34 21
3 20 22 8
3 21 36 23
3 22 24 10
3 23 38 25
3 24 26 11
3 25 39 27
3 26 28 13
3 27 41 29
3 28 30 15
3 29 42 31
3 30 32 17
3 31 44 33
3 32 34 18
3 33 35 20
3 34 45 36
3 35 37 22
3 36 46 38
3 37 39 24
3 38 40 26
3 39 47 41
3 40 42 28
3 41 43 30
3 42 47 44
3 43 45 32
3 44 46 35
3 45 47 37
3 46 43 40
13
 1 5 8 11 14 18 23 27 30 34 37 40 44
48
3 4 7 1
3 0 9 2
3 1 12 3
3 2 14 4
3 3 5 0
3 4 16 6
3 5 19 7
3 6 8 0
3 7 21 9
3 8 10 1
3 9 23 11
3 10 25 12
3 11 13 2
3 12 27 14
3 13 15 3
3 14 29 16
3 15 17 5
3 16 31 18
3 17 33 19
3 18 20 6
3 19 34 21
3 20 22 8
3 21 36 23
3 22 24 10
3 23 38 25
3 24 26 11
3 25 39 27
3 26 28 13
3 27 41 29
3 28 30 15
3 29 43 31
3 30 32 17
3 31 44 33
3 32 34 18
3 33 35 20
3 34 45 36
3 35 37 22
3 36 47 38
3 37 39 24
3 38 40 26
3 39 47 41
3 40 42 28
3 41 46 43
3 42 44 30
3 43 45 32
3 44 46 35
3 45 42 47
3 46 40 37
13
 3 7 9 12 16 20 23 26 30 33 37 41 45
48
3 4 7 1
3 0 9 2
3 1 12 3
3 2 14 4
3 3 5 0
3 4 16 6
3 5 19 7
3 6 8 0
3 7 21 9
3 8 10 1
3 9 23 11
3 10 25 12
3 11 13 2
3 12 27 14
3 13 15 3
3 14 29 16
3 15 17 5
3 16 31 18
3 17 33 19
3 18 20 6
3 19 34 21
3 20 22 8
3 21 36 23
3 22 24 10
3 23 38 25
3 24 26 11
3 25 40 27
3 26 28 13
3 27 41 29
3 28 30 15
3 29 42 31
3 30 32 17
3 31 44 33
3 32 34 18
3 33 35 20
3 34 45 36
3 35 37 22
3 36 46 38
3 37 39 24
3 38 47 40
3 39 41 26
3 40 42 28
3 41 43 30
3 42 47 44
3 43 45 32
3 44 46 35
3 45 47 37
3 46 43 39
14
 5 7 9 12 14 20 24 28 31 33 36 40 43 46
48
3 4 7 1
3 0 9 2
3 1 12 3
3 2 14 4
3 3 5 0
3 4 16 6
3 5 19 7
3 6 8 0
3 7 21 9
3 8 10 1
3 9 23 11
3 10 25 12
3 11 13 2
3 12 27 14
3 13 15 3
3 14 29 16
3 15 17 5
3 16 31 18
3 17 33 19
3 18 20 6
3 19 34 21
3 20 22 8
3 21 36 23
3 22 24 10
3 23 38 25
3 24 26 11
3 25 40 27
3 26 28 13
3 27 41 29
3 28 30 15
3 29 43 31
3 30 32 17
3 31 44 33
3 32 34 18
3 33 35 20
3 34 45 36
3 35 37 22
3 36 46 38
3 37 39 24
3 38 47 40
3 39 41 26
3 40 42 28
3 41 47 43
3 42 44 30
3 43 45 32
3 44 46 35
3 45 47 37
3 46 42 39
14
 5 7 9 12 14 20 24 28 31 33 36 40 43 46
48
3 4 7 1
3 0 9 2
3 1 12 3
3 2 14 4
3 3 5 0
3 4 16 6
3 5 19 7
3 6 8 0
3 7 21 9
3 8 10 1
3 9 23 11
3 10 25 12
3 11 13 2
3 12 27 14
3 13 15 3
3 14 29 16
3 15 17 5
3 16 31 18
3 17 33 19
3 18 20 6
3 19 34 21
3 20 22 8
3 21 36 23
3 22 24 10
3 23 38 25
3 24 26 11
3 25 40 27
3 26 28 13
3 27 41 29
3 28 30 15
3 29 43 31
3 30 32 17
3 31 45 33
3 32 34 18
3 33 35 20
3 34 45 36
3 35 37 22
3 36 46 38
3 37 39 24
3 38 47 40
3 39 41 26
3 40 42 28
3 41 47 43
3 42 44 30
3 43 46 45
3 44 35 32
3 44 47 37
3 46 42 39
14
 5 7 9 12 14 20 24 28 31 33 36 40 42 44
48
3 4 7 1
3 0 9 2
3 1 12 3
3 2 14 4
3 3 5 0
3 4 16 6
3 5 19 7
3 6 8 0
3 7 21 9
3 8 10 1
3 9 23 11
3 10 25 12
3 11 13 2
3 12 27 14
3 13 15 3
3 14 29 16
3 15 17 5
3 16 31 18
3 17 33 19
3 18 20 6
3 19 35 21
3 20 22 8
3 21 36 23
3 22 24 10
3 23 38 25
3 24 26 11
3 25 39 27
3 26 28 13
3 27 41 29
3 28 30 15
3 29 42 31
3 30 32 17
3 31 44 33
3 32 34 18
3 33 45 35
3 34 36 20
3 35 37 22
3 36 46 38
3 37 39 24
3 38 40 26
3 39 47 41
3 40 42 28
3 41 43 30
3 42 47 44
3 43 45 32
3 44 46 34
3 45 47 37
3 46 43 40
13
 4 8 9 12 15 19 23 26 31 34 37 41 43
48
3 4 7 1
3 0 9 2
3 1 12 3
3 2 14 4
3 3 5 0
3 4 16 6
3 5 19 7
3 6 8 0
3 7 21 9
3 8 10 1
3 9 23 11
3 10 25 12
3 11 13 2
3 12 27 14
3 13 15 3
3 14 29 16
3 15 17 5
3 16 31 18
3 17 33 19
3 18 20 6
3 19 35 21
3 20 22 8
3 21 36 23
3 22 24 10
3 23 38 25
3 24 26 11
3 25 40 27
3 26 28 13
3 27 41 29
3 28 30 15
3 29 42 31
3 30 32 17
3 31 44 33
3 32 34 18
3 33 45 35
3 34 36 20
3 35 37 22
3 36 46 38
3 37 39 24
3 38 47 40
3 39 41 26
3 40 42 28
3 41 43 30
3 42 47 44
3 43 45 32
3 44 46 34
3 45 47 37
3 46 43 39
13
 2 4 8 15 19 23 25 27 31 34 37 40 43
48
3 4 7 1
3 0 9 2
3 1 12 3
3 2 14 4
3 3 5 0
3 4 16 6
3 5 19 7
3 6 8 0
3 7 21 9
3 8 10 1
3 9 23 11
3 10 25 12
3 11 13 2
3 12 27 14
3 13 15 3
3 14 29 16
3 15 17 5
3 16 31 18
3 17 33 19
3 18 20 6
3 19 35 21
3 20 22 8
3 21 36 23
3 22 24 10
3 23 38 25
3 24 26 11
3 25 40 27
3 26 28 13
3 27 41 29
3 28 30 15
3 29 43 31
3 30 32 17
3 31 44 33
3 32 34 18
3 33 45 35
3 34 36 20
3 35 37 22
3 36 46 38
3 37 39 24
3 38 47 40
3 39 41 26
3 40 42 28
3 41 47 43
3 42 44 30
3 43 45 32
3 44 46 34
3 45 47 37
3 46 42 39
14
 5 7 9 12 14 20 24 28 31 33 36 40 43 46
48
3 4 7 1
3 0 9 2
3 1 12 3
3 2 14 4
3 3 5 0
3 4 16 6
3 5 19 7
3 6 8 0
3 7 21 9
3 8 10 1
3 9 23 11
3 10 25 12
3 11 13 2
3 12 27 14
3 13 15 3
3 14 29 16
3 15 17 5
3 16 31 18
3 17 33 19
3 18 20 6
3 19 35 21
3 20 22 8
3 21 36 23
3 22 24 10
3 23 38 25
3 24 26 11
3 25 40 27
3 26 28 13
3 27 41 29
3 28 30 15
3 29 43 31
3 30 32 17
3 31 44 33
3 32 34 18
3 33 46 35
3 34 36 20
3 35 37 22
3 36 46 38
3 37 39 24
3 38 47 40
3 39 41 26
3 40 42 28
3 41 47 43
3 42 44 30
3 43 45 32
3 44 47 46
3 45 37 34
3 45 42 39
13
 3 7 9 13 16 20 22 25 30 33 38 41 45
48
3 4 7 1
3 0 9 2
3 1 12 3
3 2 14 4
3 3 5 0
3 4 16 6
3 5 19 7
3 6 8 0
3 7 21 9
3 8 10 1
3 9 23 11
3 10 25 12
3 11 13 2
3 12 27 14
3 13 15 3
3 14 29 16
3 15 17 5
3 16 31 18
3 17 33 19
3 18 20 6
3 19 35 21
3 20 22 8
3 21 37 23
3 22 24 10
3 23 38 25
3 24 26 11
3 25 40 27
3 26 28 13
3 27 41 29
3 28 30 15
3 29 42 31
3 30 32 17
3 31 44 33
3 32 34 18
3 33 45 35
3 34 36 20
3 35 46 37
3 36 38 22
3 37 39 24
3 38 47 40
3 39 41 26
3 40 42 28
3 41 43 30
3 42 47 44
3 43 45 32
3 44 46 34
3 45 47 36
3 46 43 39
14
 5 7 9 12 14 20 24 28 31 33 37 40 43 46
48
3 4 7 1
3 0 9 2
3 1 12 3
3 2 14 4
3 3 5 0
3 4 16 6
3 5 19 7
3 6 8 0
3 7 21 9
3 8 10 1
3 9 23 11
3 10 25 12
3 11 13 2
3 12 27 14
3 13 15 3
3 14 29 16
3 15 17 5
3 16 31 18
3 17 33 19
3 18 20 6
3 19 35 21
3 20 22 8
3 21 37 23
3 22 24 10
3 23 38 25
3 24 26 11
3 25 40 27
3 26 28 13
3 27 41 29
3 28 30 15
3 29 43 31
3 30 32 17
3 31 44 33
3 32 34 18
3 33 45 35
3 34 36 20
3 35 46 37
3 36 38 22
3 37 39 24
3 38 47 40
3 39 41 26
3 40 42 28
3 41 47 43
3 42 44 30
3 43 45 32
3 44 46 34
3 45 47 36
3 46 42 39
14
 5 7 9 12 14 20 24 28 31 33 37 40 43 46
48
3 4 7 1
3 0 9 2
3 1 12 3
3 2 14 4
3 3 5 0
3 4 16 6
3 5 19 7
3 6 8 0
3 7 21 9
3 8 10 1
3 9 23 11
3 10 25 12
3 11 13 2
3 12 27 14
3 13 15 3
3 14 29 16
3 15 17 5
3 16 31 18
3 17 33 19
3 18 20 6
3 19 35 21
3 20 22 8
3 21 37 23
3 22 24 10
3 23 38 25
3 24 26 11
3 25 40 27
3 26 28 13
3 27 42 29
3 28 30 15
3 29 43 31
3 30 32 17
3 31 44 33
3 32 34 18
3 33 45 35
3 34 36 20
3 35 47 37
3 36 38 22
3 37 39 24
3 38 47 40
3 39 41 26
3 40 46 42
3 41 43 28
3 42 44 30
3 43 45 32
3 44 46 34
3 45 41 47
3 46 39 36
14
 5 7 9 12 14 20 24 28 31 33 37 40 44 46
48
3 4 7 1
3 0 9 2
3 1 12 3
3 2 14 4
3 3 5 0
3 4 16 6
3 5 19 7
3 6 8 0
3 7 21 9
3 8 10 1
3 9 23 11
3 10 25 12
3 11 13 2
3 12 27 14
3 13 15 3
3 14 29 16
3 15 17 5
3 16 31 18
3 17 33 19
3 18 20 6
3 19 35 21
3 20 22 8
3 21 37 23
3 22 24 10
3 23 38 25
3 24 26 11
3 25 40 27
3 26 28 13
3 27 42 29
3 28 30 15
3 29 43 31
3 30 32 17
3 31 44 33
3 32 34 18
3 33 46 35
3 34 36 20
3 35 47 37
3 36 38 22
3 37 39 24
3 38 47 40
3 39 41 26
3 40 45 42
3 41 43 28
3 42 44 30
3 43 45 32
3 44 41 46
3 45 47 34
3 46 39 36
14
 5 7 9 12 14 20 24 28 31 33 37 40 44 46
48
3 4 7 1
3 0 9 2
3 1 12 3
3 2 14 4
3 3 5 0
3 4 16 6
3 5 19 7
3 6 8 0
3 7 21 9
3 8 10 1
3 9 23 11
3 10 25 12
3 11 13 2
3 12 27 14
3 13 15 3
3 14 29 16
3 15 17 5
3 16 31 18
3 17 33 19
3 18 20 6
3 19 35 21
3 20 22 8
3 21 37 23
3 22 24 10
3 23 39 25
3 24 26 11
3 25 40 27
3 26 28 13
3 27 41 29
3 28 30 15
3 29 43 31
3 30 32 17
3 31 44 33
3 32 34 18
3 33 45 35
3 34 36 20
3 35 46 37
3 36 38 22
3 37 47 39
3 38 40 24
3 39 41 26
3 40 42 28
3 41 47 43
3 42 44 30
3 43 45 32
3 44 46 34
3 45 47 36
3 46 42 38
13
 1 4 7 11 15 18 22 27 31 35 39 42 45
48
3 4 7 1
3 0 9 2
3 1 12 3
3 2 14 4
3 3 5 0
3 4 16 6
3 5 19 7
3 6 8 0
3 7 21 9
3 8 10 1
3 9 23 11
3 10 25 12
3 11 13 2
3 12 27 14
3 13 15 3
3 14 29 16
3 15 17 5
3 16 31 18
3 17 34 19
3 18 20 6
3 19 35 21
3 20 22 8
3 21 36 23
3 22 24 10
3 23 38 25
3 24 26 11
3 25 40 27
3 26 28 13
3 27 41 29
3 28 30 15
3 29 43 31
3 30 32 17
3 31 44 33
3 32 46 34
3 33 35 18
3 34 36 20
3 35 37 22
3 36 46 38
3 37 39 24
3 38 47 40
3 39 41 26
3 40 42 28
3 41 47 43
3 42 44 30
3 43 45 32
3 44 47 46
3 45 37 33
3 45 42 39
14
 5 7 9 12 14 20 24 28 31 34 36 40 43 45
48
3 4 7 1
3 0 9 2
3 1 12 3
3 2 14 4
3 3 5 0
3 4 16 6
3 5 19 7
3 6 8 0
3 7 21 9
3 8 10 1
3 9 23 11
3 10 25 12
3 11 13 2
3 12 27 14
3 13 15 3
3 14 29 16
3 15 17 5
3 16 31 18
3 17 34 19
3 18 20 6
3 19 35 21
3 20 22 8
3 21 36 23
3 22 24 10
3 23 38 25
3 24 26 11
3 25 40 27
3 26 28 13
3 27 42 29
3 28 30 15
3 29 43 31
3 30 32 17
3 31 44 33
3 32 47 34
3 33 35 18
3 34 36 20
3 35 37 22
3 36 47 38
3 37 39 24
3 38 46 40
3 39 41 26
3 40 45 42
3 41 43 28
3 42 44 30
3 43 45 32
3 44 41 46
3 45 39 47
3 46 37 33
14
 5 7 9 12 14 20 24 28 31 34 36 40 44 46
48
3 4 7 1
3 0 9 2
3 1 12 3
3 2 14 4
3 3 5 0
3 4 16 6
3 5 19 7
3 6 8 0
3 7 21 9
3 8 10 1
3 9 23 11
3 10 25 12
3 11 13 2
3 12 27 14
3 13 15 3
3 14 29 16
3 15 17 5
3 16 31 18
3 17 34 19
3 18 20 6
3 19 35 21
3 20 22 8
3 21 37 23
3 22 24 10
3 23 39 25
3 24 26 11
3 25 40 27
3 26 28 13
3 27 41 29
3 28 30 15
3 29 43 31
3 30 32 17
3 31 44 33
3 32 46 34
3 33 35 18
3 34 36 20
3 35 46 37
3 36 38 22
3 37 47 39
3 38 40 24
3 39 41 26
3 40 42 28
3 41 47 43
3 42 44 30
3 43 45 32
3 44 47 46
3 45 36 33
3 45 42 38
14
 5 7 9 12 14 20 24 28 31 34 37 40 43 45
48
3 4 7 1
3 0 9 2
3 1 12 3
3 2 14 4
3 3 5 0
3 4 16 6
3 5 19 7
3 6 8 0
3 7 21 9
3 8 10 1
3 9 23 11
3 10 25 12
3 11 13 2
3 12 27 14
3 13 15 3
3 14 29 16
3 15 17 5
3 16 31 18
3 17 34 19
3 18 20 6
3 19 35 21
3 20 22 8
3 21 37 23
3 22 24 10
3 23 39 25
3 24 26 11
3 25 40 27
3 26 28 13
3 27 42 29
3 28 30 15
3 29 43 31
3 30 32 17
3 31 44 33
3 32 46 34
3 33 35 18
3 34 36 20
3 35 46 37
3 36 38 22
3 37 47 39
3 38 40 24
3 39 41 26
3 40 47 42
3 41 43 28
3 42 44 30
3 43 45 32
3 44 47 46
3 45 36 33
3 45 41 38
13
 4 8 9 12 15 19 24 26 31 34 37 42 45
48
3 4 7 1
3 0 9 2
3 1 12 3
3 2 14 4
3 3 5 0
3 4 16 6
3 5 19 7
3 6 8 0
3 7 21 9
3 8 10 1
3 9 23 11
3 10 25 12
3 11 13 2
3 12 27 14
3 13 15 3
3 14 29 16
3 15 17 5
3 16 31 18
3 17 34 19
3 18 20 6
3 19 35 21
3 20 22 8
3 21 37 23
3 22 24 10
3 23 39 25
3 24 26 11
3 25 40 27
3 26 28 13
3 27 42 29
3 28 30 15
3 29 43 31
3 30 32 17
3 31 44 33
3 32 47 34
3 33 35 18
3 34 36 20
3 35 47 37
3 36 38 22
3 37 46 39
3 38 40 24
3 39 41 26
3 40 45 42
3 41 43 28
3 42 44 30
3 43 45 32
3 44 41 46
3 45 38 47
3 46 36 33
14
 5 7 9 12 14 20 24 28 31 34 37 40 44 46
48
3 4 7 1
3 0 9 2
3 1 12 3
3 2 14 4
3 3 5 0
3 4 16 6
3 5 19 7
3 6 8 0
3 7 21 9
3 8 10 1
3 9 23 11
3 10 25 12
3 11 13 2
3 12 27 14
3 13 15 3
3 14 29 16
3 15 17 5
3 16 31 18
3 17 34 19
3 18 20 6
3 19 35 21
3 20 22 8
3 21 37 23
3 22 24 10
3 23 39 25
3 24 26 11
3 25 41 27
3 26 28 13
3 27 42 29
3 28 30 15
3 29 43 31
3 30 32 17
3 31 44 33
3 32 47 34
3 33 35 18
3 34 36 20
3 35 47 37
3 36 38 22
3 37 46 39
3 38 40 24
3 39 45 41
3 40 42 26
3 41 43 28
3 42 44 30
3 43 45 32
3 44 40 46
3 45 38 47
3 46 36 33
14
 5 7 9 12 14 20 24 28 31 34 37 41 44 46
48
3 4 7 1
3 0 9 2
3 1 12 3
3 2 14 4
3 3 5 0
3 4 16 6
3 5 19 7
3 6 8 0
3 7 21 9
3 8 10 1
3 9 23 11
3 10 25 12
3 11 13 2
3 12 27 14
3 13 15 3
3 14 29 16
3 15 17 5
3 16 31 18
3 17 34 19
3 18 20 6
3 19 35 21
3 20 22 8
3 21 37 23
3 22 24 10
3 23 39 25
3 24 26 11
3 25 41 27
3 26 28 13
3 27 42 29
3 28 30 15
3 29 43 31
3 30 32 17
3 31 45 33
3 32 47 34
3 33 35 18
3 34 36 20
3 35 47 37
3 36 38 22
3 37 46 39
3 38 40 24
3 39 44 41
3 40 42 26
3 41 43 28
3 42 44 30
3 43 40 45
3 44 46 32
3 45 38 47
3 46 36 33
14
 5 7 9 12 14 20 24 28 31 34 37 41 44 46
48
3 4 7 1
3 0 9 2
3 1 12 3
3 2 14 4
3 3 5 0
3 4 16 6
3 5 19 7
3 6 8 0
3 7 21 9
3 8 10 1
3 9 23 11
3 10 25 12
3 11 13 2
3 12 27 14
3 13 15 3
3 14 29 16
3 15 17 5
3 16 31 18
3 17 34 19
3 18 20 6
3 19 36 21
3 20 22 8
3 21 37 23
3 22 24 10
3 23 39 25
3 24 26 11
3 25 41 27
3 26 28 13
3 27 42 29
3 28 30 15
3 29 43 31
3 30 32 17
3 31 44 33
3 32 46 34
3 33 35 18
3 34 47 36
3 35 37 20
3 36 38 22
3 37 47 39
3 38 40 24
3 39 45 41
3 40 42 26
3 41 43 28
3 42 44 30
3 43 45 32
3 44 40 46
3 45 47 33
3 46 38 35
13
 4 7 9 12 15 20 23 26 31 34 38 42 45
48
3 4 7 1
3 0 9 2
3 1 12 3
3 2 14 4
3 3 5 0
3 4 16 6
3 5 19 7
3 6 8 0
3 7 21 9
3 8 10 1
3 9 23 11
3 10 26 12
3 11 13 2
3 12 27 14
3 13 15 3
3 14 29 16
3 15 17 5
3 16 31 18
3 17 33 19
3 18 20 6
3 19 35 21
3 20 22 8
3 21 36 23
3 22 24 10
3 23 37 25
3 24 40 26
3 25 27 11
3 26 28 13
3 27 41 29
3 28 30 15
3 29 43 31
3 30 32 17
3 31 44 33
3 32 34 18
3 33 46 35
3 34 36 20
3 35 37 22
3 36 38 24
3 37 46 39
3 38 47 40
3 39 41 25
3 40 42 28
3 41 47 43
3 42 44 30
3 43 45 32
3 44 47 46
3 45 38 34
3 45 42 39
14
 5 7 9 12 14 20 22 25 28 31 33 38 43 45
48
3 4 7 1
3 0 9 2
3 1 12 3
3 2 14 4
3 3 5 0
3 4 16 6
3 5 19 7
3 6 8 0
3 7 21 9
3 8 10 1
3 9 23 11
3 10 26 12
3 11 13 2
3 12 27 14
3 13 15 3
3 14 29 16
3 15 17 5
3 16 31 18
3 17 33 19
3 18 20 6
3 19 35 21
3 20 22 8
3 21 36 23
3 22 24 10
3 23 38 25
3 24 40 26
3 25 27 11
3 26 28 13
3 27 41 29
3 28 30 15
3 29 42 31
3 30 32 17
3 31 44 33
3 32 34 18
3 33 45 35
3 34 36 20
3 35 37 22
3 36 46 38
3 37 39 24
3 38 47 40
3 39 41 25
3 40 42 28
3 41 43 30
3 42 47 44
3 43 45 32
3 44 46 34
3 45 47 37
3 46 43 39
13
 4 8 9 12 15 19 23 27 31 34 37 40 43
48
3 4 7 1
3 0 9 2
3 1 12 3
3 2 14 4
3 3 5 0
3 4 16 6
3 5 19 7
3 6 8 0
3 7 21 9
3 8 10 1
3 9 23 11
3 10 26 12
3 11 13 2
3 12 27 14
3 13 15 3
3 14 29 16
3 15 17 5
3 16 31 18
3 17 33 19
3 18 20 6
3 19 35 21
3 20 22 8
3 21 36 23
3 22 24 10
3 23 38 25
3 24 40 26
3 25 27 11
3 26 28 13
3 27 41 29
3 28 30 15
3 29 43 31
3 30 32 17
3 31 44 33
3 32 34 18
3 33 45 35
3 34 36 20
3 35 37 22
3 36 46 38
3 37 39 24
3 38 47 40
3 39 41 25
3 40 42 28
3 41 47 43
3 42 44 30
3 43 45 32
3 44 46 34
3 45 47 37
3 46 42 39
14
 5 7 9 12 14 20 22 25 28 31 33 39 43 46
48
3 4 7 1
3 0 9 2
3 1 12 3
3 2 14 4
3 3 5 0
3 4 16 6
3 5 19 7
3 6 8 0
3 7 21 9
3 8 10 1
3 9 23 11
3 10 26 12
3 11 13 2
3 12 27 14
3 13 15 3
3 14 29 16
3 15 17 5
3 16 31 18
3 17 33 19
3 18 20 6
3 19 35 21
3 20 22 8
3 21 36 23
3 22 24 10
3 23 38 25
3 24 40 26
3 25 27 11
3 26 28 13
3 27 41 29
3 28 30 15
3 29 43 31
3 30 32 17
3 31 44 33
3 32 34 18
3 33 46 35
3 34 36 20
3 35 37 22
3 36 46 38
3 37 39 24
3 38 47 40
3 39 41 25
3 40 42 28
3 41 47 43
3 42 44 30
3 43 45 32
3 44 47 46
3 45 37 34
3 45 42 39
13
 3 7 9 13 16 20 22 26 30 33 38 41 45
48
3 4 7 1
3 0 9 2
3 1 12 3
3 2 14 4
3 3 5 0
3 4 16 6
3 5 19 7
3 6 8 0
3 7 21 9
3 8 10 1
3 9 23 11
3 10 26 12
3 11 13 2
3 12 27 14
3 13 15 3
3 14 29 16
3 15 17 5
3 16 31 18
3 17 33 19
3 18 20 6
3 19 35 21
3 20 22 8
3 21 36 23
3 22 24 10
3 23 38 25
3 24 41 26
3 25 27 11
3 26 28 13
3 27 42 29
3 28 30 15
3 29 43 31
3 30 32 17
3 31 45 33
3 32 34 18
3 33 47 35
3 34 36 20
3 35 37 22
3 36 47 38
3 37 39 24
3 38 46 40
3 39 44 41
3 40 42 25
3 41 43 28
3 42 44 30
3 43 40 45
3 44 46 32
3 45 39 47
3 46 37 34
13
 3 7 9 12 16 19 22 27 30 34 38 41 45
48
3 4 7 1
3 0 9 2
3 1 12 3
3 2 14 4
3 3 5 0
3 4 16 6
3 5 19 7
3 6 8 0
3 7 21 9
3 8 10 1
3 9 23 11
3 10 26 12
3 11 13 2
3 12 27 14
3 13 15 3
3 14 29 16
3 15 17 5
3 16 31 18
3 17 33 19
3 18 20 6
3 19 35 21
3 20 22 8
3 21 37 23
3 22 24 10
3 23 38 25
3 24 41 26
3 25 27 11
3 26 28 13
3 27 42 29
3 28 30 15
3 29 43 31
3 30 32 17
3 31 44 33
3 32 34 18
3 33 46 35
3 34 36 20
3 35 47 37
3 36 38 22
3 37 39 24
3 38 47 40
3 39 45 41
3 40 42 25
3 41 43 28
3 42 44 30
3 43 45 32
3 44 40 46
3 45 47 34
3 46 39 36
14
 5 7 9 12 14 19 22 25 28 31 34 37 39 44
48
3 4 7 1
3 0 9 2
3 1 12 3
3 2 14 4
3 3 5 0
3 4 16 6
3 5 19 7
3 6 8 0
3 7 21 9
3 8 10 1
3 9 23 11
3 10 26 12
3 11 13 2
3 12 27 14
3 13 15 3
3 14 29 16
3 15 17 5
3 16 31 18
3 17 33 19
3 18 20 6
3 19 35 21
3 20 22 8
3 21 37 23
3 22 24 10
3 23 38 25
3 24 41 26
3 25 27 11
3 26 28 13
3 27 42 29
3 28 30 15
3 29 43 31
3 30 32 17
3 31 45 33
3 32 34 18
3 33 46 35
3 34 36 20
3 35 47 37
3 36 38 22
3 37 39 24
3 38 47 40
3 39 44 41
3 40 42 25
3 41 43 28
3 42 44 30
3 43 40 45
3 44 46 32
3 45 47 34
3 46 39 36
13
 5 7 9 12 14 18 22 25 28 30 35 39 45
48
3 4 7 1
3 0 9 2
3 1 12 3
3 2 14 4
3 3 5 0
3 4 16 6
3 5 19 7
3 6 8 0
3 7 21 9
3 8 10 1
3 9 23 11
3 10 26 12
3 11 13 2
3 12 27 14
3 13 15 3
3 14 29 16
3 15 17 5
3 16 31 18
3 17 34 19
3 18 20 6
3 19 35 21
3 20 22 8
3 21 36 23
3 22 24 10
3 23 38 25
3 24 40 26
3 25 27 11
3 26 28 13
3 27 41 29
3 28 30 15
3 29 43 31
3 30 32 17
3 31 44 33
3 32 46 34
3 33 35 18
3 34 36 20
3 35 37 22
3 36 46 38
3 37 39 24
3 38 47 40
3 39 41 25
3 40 42 28
3 41 47 43
3 42 44 30
3 43 45 32
3 44 47 46
3 45 37 33
3 45 42 39
14
 5 7 9 12 14 20 22 26 30 31 34 38 41 45
48
3 4 7 1
3 0 9 2
3 1 12 3
3 2 14 4
3 3 5 0
3 4 16 6
3 5 19 7
3 6 8 0
3 7 21 9
3 8 10 1
3 9 23 11
3 10 26 12
3 11 13 2
3 12 27 14
3 13 15 3
3 14 29 16
3 15 17 5
3 16 31 18
3 17 34 19
3 18 20 6
3 19 35 21
3 20 22 8
3 21 36 23
3 22 24 10
3 23 38 25
3 24 41 26
3 25 27 11
3 26 28 13
3 27 42 29
3 28 30 15
3 29 43 31
3 30 32 17
3 31 45 33
3 32 47 34
3 33 35 18
3 34 36 20
3 35 37 22
3 36 47 38
3 37 39 24
3 38 46 40
3 39 44 41
3 40 42 25
3 41 43 28
3 42 44 30
3 43 40 45
3 44 46 32
3 45 39 47
3 46 37 33
14
 5 7 9 12 14 20 24 25 28 31 34 36 44 46
48
3 4 7 1
3 0 9 2
3 1 12 3
3 2 14 4
3 3 5 0
3 4 16 6
3 5 19 7
3 6 8 0
3 7 21 9
3 8 10 1
3 9 23 11
3 10 26 12
3 11 13 2
3 12 27 14
3 13 15 3
3 14 29 16
3 15 17 5
3 16 31 18
3 17 34 19
3 18 20 6
3 19 35 21
3 20 22 8
3 21 37 23
3 22 24 10
3 23 38 25
3 24 41 26
3 25 27 11
3 26 28 13
3 27 42 29
3 28 30 15
3 29 43 31
3 30 32 17
3 31 44 33
3 32 46 34
3 33 35 18
3 34 36 20
3 35 47 37
3 36 38 22
3 37 39 24
3 38 47 40
3 39 45 41
3 40 42 25
3 41 43 28
3 42 44 30
3 43 45 32
3 44 40 46
3 45 47 33
3 46 39 36
13
 4 6 9 12 15 17 21 24 27 33 36 40 43
48
3 4 7 1
3 0 9 2
3 1 12 3
3 2 14 4
3 3 5 0
3 4 16 6
3 5 19 7
3 6 8 0
3 7 21 9
3 8 10 1
3 9 23 11
3 10 26 12
3 11 13 2
3 12 27 14
3 13 15 3
3 14 29 16
3 15 17 5
3 16 31 18
3 17 34 19
3 18 20 6
3 19 35 21
3 20 22 8
3 21 37 23
3 22 24 10
3 23 38 25
3 24 41 26
3 25 27 11
3 26 28 13
3 27 42 29
3 28 30 15
3 29 43 31
3 30 32 17
3 31 45 33
3 32 47 34
3 33 35 18
3 34 36 20
3 35 47 37
3 36 38 22
3 37 39 24
3 38 46 40
3 39 44 41
3 40 42 25
3 41 43 28
3 42 44 30
3 43 40 45
3 44 46 32
3 45 39 47
3 46 36 33
13
 2 5 7 10 15 18 21 25 27 32 36 39 43
48
3 4 7 1
3 0 9 2
3 1 12 3
3 2 14 4
3 3 5 0
3 4 16 6
3 5 19 7
3 6 8 0
3 7 21 9
3 8 10 1
3 9 23 11
3 10 26 12
3 11 13 2
3 12 27 14
3 13 15 3
3 14 29 16
3 15 17 5
3 16 31 18
3 17 34 19
3 18 20 6
3 19 35 21
3 20 22 8
3 21 37 23
3 22 24 10
3 23 39 25
3 24 41 26
3 25 27 11
3 26 28 13
3 27 42 29
3 28 30 15
3 29 43 31
3 30 32 17
3 31 44 33
3 32 47 34
3 33 35 18
3 34 36 20
3 35 47 37
3 36 38 22
3 37 46 39
3 38 40 24
3 39 45 41
3 40 42 25
3 41 43 28
3 42 44 30
3 43 45 32
3 44 40 46
3 45 38 47
3 46 36 33
13
 1 4 7 11 13 17 20 24 29 33 37 42 45
48
3 4 7 1
3 0 9 2
3 1 12 3
3 2 14 4
3 3 5 0
3 4 16 6
3 5 19 7
3 6 8 0
3 7 21 9
3 8 10 1
3 9 23 11
3 10 26 12
3 11 13 2
3 12 27 14
3 13 15 3
3 14 29 16
3 15 17 5
3 16 31 18
3 17 34 19
3 18 20 6
3 19 35 21
3 20 22 8
3 21 37 23
3 22 24 10
3 23 39 25
3 24 41 26
3 25 27 11
3 26 28 13
3 27 42 29
3 28 30 15
3 29 43 31
3 30 32 17
3 31 45 33
3 32 47 34
3 33 35 18
3 34 36 20
3 35 47 37
3 36 38 22
3 37 46 39
3 38 40 24
3 39 44 41
3 40 42 25
3 41 43 28
3 42 44 30
3 43 40 45
3 44 46 32
3 45 38 47
3 46 36 33
14
 5 7 9 12 14 20 24 25 28 31 34 37 44 46
48
3 4 7 1
3 0 9 2
3 1 12 3
3 2 14 4
3 3 5 0
3 4 16 6
3 5 19 7
3 6 8 0
3 7 21 9
3 8 10 1
3 9 23 11
3 10 26 12
3 11 13 2
3 12 27 14
3 13 15 3
3 14 29 16
3 15 17 5
3 16 31 18
3 17 34 19
3 18 20 6
3 19 35 21
3 20 22 8
3 21 37 23
3 22 24 10
3 23 39 25
3 24 42 26
3 25 27 11
3 26 28 13
3 27 42 29
3 28 30 15
3 29 43 31
3 30 32 17
3 31 44 33
3 32 47 34
3 33 35 18
3 34 36 20
3 35 47 37
3 36 38 22
3 37 46 39
3 38 40 24
3 39 45 41
3 40 43 42
3 41 28 25
3 41 44 30
3 43 45 32
3 44 40 46
3 45 38 47
3 46 36 33
13
 1 5 8 11 14 17 20 24 28 33 37 43 45
48
3 4 7 1
3 0 9 2
3 1 12 3
3 2 14 4
3 3 5 0
3 4 16 6
3 5 19 7
3 6 8 0
3 7 21 9
3 8 10 1
3 9 23 11
3 10 26 12
3 11 13 2
3 12 27 14
3 13 15 3
3 14 29 16
3 15 17 5
3 16 31 18
3 17 34 19
3 18 20 6
3 19 36 21
3 20 22 8
3 21 37 23
3 22 24 10
3 23 39 25
3 24 41 26
3 25 27 11
3 26 28 13
3 27 42 29
3 28 30 15
3 29 43 31
3 30 32 17
3 31 44 33
3 32 46 34
3 33 35 18
3 34 47 36
3 35 37 20
3 36 38 22
3 37 47 39
3 38 40 24
3 39 45 41
3 40 42 25
3 41 43 28
3 42 44 30
3 43 45 32
3 44 40 46
3 45 47 33
3 46 38 35
13
 4 7 9 12 15 20 23 26 31 34 38 42 45
48
3 4 7 1
3 0 9 2
3 1 12 3
3 2 14 4
3 3 5 0
3 4 16 6
3 5 19 7
3 6 8 0
3 7 21 9
3 8 10 1
3 9 23 11
3 10 26 12
3 11 13 2
3 12 27 14
3 13 15 3
3 14 29 16
3 15 17 5
3 16 31 18
3 17 34 19
3 18 20 6
3 19 36 21
3 20 22 8
3 21 37 23
3 22 24 10
3 23 39 25
3 24 42 26
3 25 27 11
3 26 28 13
3 27 42 29
3 28 30 15
3 29 43 31
3 30 32 17
3 31 44 33
3 32 46 34
3 33 35 18
3 34 47 36
3 35 37 20
3 36 38 22
3 37 47 39
3 38 40 24
3 39 45 41
3 40 43 42
3 41 28 25
3 41 44 30
3 43 45 32
3 44 40 46
3 45 47 33
3 46 38 35
14
 5 7 9 12 14 20 23 27 30 31 34 38 42 45
48
3 4 7 1
3 0 9 2
3 1 12 3
3 2 14 4
3 3 5 0
3 4 16 6
3 5 19 7
3 6 8 0
3 7 21 9
3 8 10 1
3 9 23 11
3 10 26 12
3 11 13 2
3 12 28 14
3 13 15 3
3 14 29 16
3 15 17 5
3 16 31 18
3 17 34 19
3 18 20 6
3 19 35 21
3 20 22 8
3 21 37 23
3 22 24 10
3 23 39 25
3 24 41 26
3 25 27 11
3 26 42 28
3 27 29 13
3 28 30 15
3 29 43 31
3 30 32 17
3 31 45 33
3 32 47 34
3 33 35 18
3 34 36 20
3 35 47 37
3 36 38 22
3 37 46 39
3 38 40 24
3 39 44 41
3 40 42 25
3 41 43 27
3 42 44 30
3 43 40 45
3 44 46 32
3 45 38 47
3 46 36 33
14
 5 7 9 12 14 20 24 27 30 31 34 37 40 46
48
3 4 7 1
3 0 9 2
3 1 12 3
3 2 14 4
3 3 5 0
3 4 16 6
3 5 19 7
3 6 8 0
3 7 21 9
3 8 10 1
3 9 23 11
3 10 26 12
3 11 13 2
3 12 28 14
3 13 15 3
3 14 30 16
3 15 17 5
3 16 32 18
3 17 34 19
3 18 20 6
3 19 35 21
3 20 22 8
3 21 37 23
3 22 24 10
3 23 38 25
3 24 40 26
3 25 27 11
3 26 41 28
3 27 29 13
3 28 42 30
3 29 31 15
3 30 44 32
3 31 33 17
3 32 45 34
3 33 35 18
3 34 36 20
3 35 46 37
3 36 38 22
3 37 39 24
3 38 47 40
3 39 41 25
3 40 42 27
3 41 43 29
3 42 47 44
3 43 45 31
3 44 46 33
3 45 47 36
3 46 43 39
13
 2 4 8 13 16 19 23 26 31 33 36 39 42
48
3 4 7 1
3 0 9 2
3 1 12 3
3 2 14 4
3 3 5 0
3 4 16 6
3 5 19 7
3 6 8 0
3 7 21 9
3 8 10 1
3 9 23 11
3 10 26 12
3 11 13 2
3 12 28 14
3 13 15 3
3 14 30 16
3 15 17 5
3 16 32 18
3 17 34 19
3 18 20 6
3 19 35 21
3 20 22 8
3 21 37 23
3 22 24 10
3 23 38 25
3 24 40 26
3 25 27 11
3 26 41 28
3 27 29 13
3 28 43 30
3 29 31 15
3 30 44 32
3 31 33 17
3 32 45 34
3 33 35 18
3 34 36 20
3 35 46 37
3 36 38 22
3 37 39 24
3 38 47 40
3 39 41 25
3 40 42 27
3 41 47 43
3 42 44 29
3 43 45 31
3 44 46 33
3 45 47 36
3 46 42 39
14
 5 7 9 12 14 19 22 25 29 32 35 39 41 45
48
3 4 7 1
3 0 9 2
3 1 12 3
3 2 14 4
3 3 5 0
3 4 16 6
3 5 19 7
3 6 8 0
3 7 21 9
3 8 10 1
3 9 23 11
3 10 26 12
3 11 13 2
3 12 28 14
3 13 15 3
3 14 30 16
3 15 17 5
3 16 32 18
3 17 34 19
3 18 20 6
3 19 35 21
3 20 22 8
3 21 37 23
3 22 24 10
3 23 38 25
3 24 40 26
3 25 27 11
3 26 42 28
3 27 29 13
3 28 43 30
3 29 31 15
3 30 44 32
3 31 33 17
3 32 46 34
3 33 35 18
3 34 36 20
3 35 47 37
3 36 38 22
3 37 39 24
3 38 47 40
3 39 41 25
3 40 45 42
3 41 43 27
3 42 44 29
3 43 45 31
3 44 41 46
3 45 47 33
3 46 39 36
14
 5 7 9 12 14 20 24 27 29 32 34 37 39 45
48
3 4 7 1
3 0 9 2
3 1 12 3
3 2 14 4
3 3 5 0
3 4 16 6
3 5 19 7
3 6 8 0
3 7 21 9
3 8 10 1
3 9 23 11
3 10 26 12
3 11 13 2
3 12 28 14
3 13 15 3
3 14 30 16
3 15 17 5
3 16 32 18
3 17 34 19
3 18 20 6
3 19 35 21
3 20 22 8
3 21 37 23
3 22 24 10
3 23 38 25
3 24 41 26
3 25 27 11
3 26 42 28
3 27 29 13
3 28 43 30
3 29 31 15
3 30 44 32
3 31 33 17
3 32 46 34
3 33 35 18
3 34 36 20
3 35 47 37
3 36 38 22
3 37 39 24
3 38 47 40
3 39 45 41
3 40 42 25
3 41 43 27
3 42 44 29
3 43 45 31
3 44 40 46
3 45 47 33
3 46 39 36
13
 1 3 6 11 17 21 24 28 30 33 36 40 43
48
3 4 7 1
3 0 9 2
3 1 12 3
3 2 14 4
3 3 5 0
3 4 16 6
3 5 19 7
3 6 8 0
3 7 21 9
3 8 10 1
3 9 23 11
3 10 26 12
3 11 13 2
3 12 28 14
3 13 15 3
3 14 30 16
3 15 17 5
3 16 32 18
3 17 34 19
3 18 20 6
3 19 35 21
3 20 22 8
3 21 37 23
3 22 24 10
3 23 38 25
3 24 41 26
3 25 27 11
3 26 42 28
3 27 29 13
3 28 43 30
3 29 31 15
3 30 45 32
3 31 33 17
3 32 46 34
3 33 35 18
3 34 36 20
3 35 47 37
3 36 38 22
3 37 39 24
3 38 47 40
3 39 44 41
3 40 42 25
3 41 43 27
3 42 44 29
3 43 40 45
3 44 46 31
3 45 47 33
3 46 39 36
