10
3  2  3  6
2  4  9
3  0  4  8
1  0
3  1  2  7
1  8
1  0
2  4  9
2  2  5
2  1  7

20
6  2  3  6 12 17 19
2  5 15
6  0  3  9 11 16 18
8  0  2  4  6  7 14 15 16
5  3  5 12 18 19
6  1  4  8 11 15 17
6  0  3  8  9 13 17
6  3 12 14 16 17 19
7  5  6  9 10 11 15 17
6  2  6  8 12 14 15
2  8 18
8  2  5  8 12 15 17 18 19
10  0  4  7  9 11 14 16 17 18 19
4  6 15 16 19
6  3  7  9 12 15 19
10  1  3  5  8  9 11 13 14 17 18
7  2  3  7 12 13 18 19
10  0  5  6  7  8 11 12 15 18 19
9  2  4 10 11 12 15 16 17 19
10  0  4  7 11 12 13 14 16 17 18

20
17  1  2  3  4  5  6  7  9 10 11 12 13 14 15 16 17 19
13  0  2  3  4  5  6  7 10 11 13 15 17 18
16  0  1  3  4  5  6  8  9 10 11 12 13 16 17 18 19
13  0  1  2  4  5  6  7 11 14 15 16 18 19
12  0  1  2  3  5  7 12 13 16 17 18 19
15  0  1  2  3  4  6  7  8  9 10 11 12 15 17 18
17  0  1  2  3  5  7  8  9 10 11 13 14 15 16 17 18 19
14  0  1  3  4  5  6  9 10 12 14 15 16 17 19
12  2  5  6  9 10 11 12 13 15 17 18 19
13  0  2  5  6  7  8 11 12 13 14 15 17 19
11  0  1  2  5  6  7  8 14 16 18 19
15  0  1  2  3  5  6  8  9 12 13 14 15 17 18 19
14  0  2  4  5  7  8  9 11 14 15 16 17 18 19
14  0  1  2  4  6  8  9 11 14 15 16 17 18 19
12  0  3  6  7  9 10 11 12 13 15 16 19
14  0  1  3  5  6  7  8  9 11 12 13 14 17 18
13  0  2  3  4  6  7 10 12 13 14 17 18 19
16  0  1  2  4  5  6  7  8  9 11 12 13 15 16 18 19
15  1  2  3  4  5  6  8 10 11 12 13 15 16 17 19
16  0  2  3  4  6  7  8  9 10 11 12 13 14 16 17 18

30
25  1  2  3  4  5  6  7  9 10 11 12 13 14 15 16 17 19 20 21 22 23 24 25 28 29
22  0  3  5  7  8 10 11 12 13 15 16 17 18 19 20 23 24 25 26 27 28 29
15  0  3  7 10 11 12 14 15 16 18 23 24 27 28 29
24  0  1  2  4  5  6  7  8  9 10 11 14 16 17 19 20 21 22 23 25 26 27 28 29
21  0  3  5  6  8  9 11 13 14 15 16 18 19 20 21 22 23 25 27 28 29
19  0  1  3  4  7  8  9 10 11 13 15 19 21 23 24 25 26 27 28
22  0  3  4  7  8  9 11 12 13 14 15 16 17 18 19 20 21 22 23 24 27 29
23  0  1  2  3  5  6  8 10 11 12 13 14 15 16 17 18 20 23 24 25 26 27 28
19  1  3  4  5  6  7 10 12 13 15 16 17 18 19 22 24 25 27 29
21  0  3  4  5  6 11 12 13 14 15 16 19 21 22 23 24 25 26 27 28 29
21  0  1  2  3  5  7  8 11 13 15 16 17 18 19 20 21 22 23 24 25 26
25  0  1  2  3  4  5  6  7  9 10 12 13 14 16 18 19 20 21 22 24 25 26 27 28 29
19  0  1  2  6  7  8  9 11 14 16 17 19 20 21 23 24 27 28 29
22  0  1  4  5  6  7  8  9 10 11 14 15 17 18 20 21 22 23 24 25 26 28
19  0  2  3  4  6  7  9 11 12 13 15 16 17 18 24 25 26 27 29
21  0  1  2  4  5  6  7  8  9 10 13 14 16 17 18 19 21 23 27 28 29
25  0  1  2  3  4  6  7  8  9 10 11 12 14 15 17 18 19 20 22 23 24 25 26 27 28
19  0  1  3  6  7  8 10 12 13 14 15 16 18 19 21 22 24 26 27
22  1  2  4  6  7  8 10 11 13 14 15 16 17 19 20 22 24 25 26 27 28 29
20  0  1  3  4  5  6  8  9 10 11 12 15 16 17 18 20 21 25 26 28
18  0  1  3  4  6  7 10 11 12 13 16 18 19 21 23 24 25 26
20  0  3  4  5  6  9 10 11 12 13 15 17 19 20 23 24 25 27 28 29
18  0  3  4  6  8  9 10 11 13 16 17 18 23 25 26 27 28 29
20  0  1  2  3  4  5  6  7  9 10 12 13 15 16 20 21 22 25 27 29
23  0  1  2  5  6  7  8  9 10 11 12 13 14 16 17 18 20 21 25 26 27 28 29
24  0  1  3  4  5  7  8  9 10 11 13 14 16 18 19 20 21 22 23 24 26 27 28 29
19  1  3  5  7  9 10 11 13 14 16 17 18 19 20 22 24 25 27 28
23  1  2  3  4  5  6  7  8  9 11 12 14 15 16 17 18 21 22 23 24 25 26 29
21  0  1  2  3  4  5  7  9 11 12 13 15 16 18 19 21 22 24 25 26 29
20  0  1  2  3  4  6  8  9 11 12 14 15 18 21 22 23 24 25 27 28

40
9  2  3  6 12 17 19 23 33 38
11  6  8 13 15 17 19 20 27 28 29 33
12  0  3  9 10 13 16 20 22 26 27 31 35
15  0  2  6  8 10 11 13 14 15 16 20 22 27 29 30
18  7  9 12 14 15 16 18 20 21 22 23 25 26 29 30 34 36 37
17  6  7  8  9 10 11 12 13 19 20 21 22 23 32 33 35 38
14  0  1  3  5  7 16 22 24 25 26 28 31 35 38
13  4  5  6 10 11 12 16 21 24 29 34 36 37
13  1  3  5 10 14 17 18 25 27 33 35 36 38
14  2  4  5 11 19 24 25 26 27 28 30 36 37 39
10  2  3  5  7  8 11 12 19 23 24
11  3  5  7  9 10 14 16 17 18 30 33
12  0  4  5  7 10 16 22 23 26 30 31 33
13  1  2  3  5 18 21 23 27 29 33 35 37 38
11  3  4  8 11 17 18 25 28 29 34 39
7  1  3  4 21 22 28 29
13  2  3  4  6  7 11 12 19 22 27 32 35 37
11  0  1  8 11 14 19 25 26 30 33 38
11  4  8 11 13 14 19 22 24 25 36 37
14  0  1  5  9 10 16 17 18 22 30 33 34 35 36
12  1  2  3  4  5 25 26 29 30 31 33 37
13  4  5  7 13 15 23 25 26 29 32 34 36 37
20  2  3  4  5  6 12 15 16 18 19 26 28 29 30 31 33 34 35 36 37
12  0  4  5 10 12 13 21 32 35 37 38 39
7  6  7  9 10 18 28 36
16  4  6  8  9 14 17 18 20 21 26 30 31 34 36 38 39
12  2  4  6  9 12 17 20 21 22 25 28 32
11  1  2  3  8  9 13 16 34 35 37 38
11  1  6  9 14 15 22 24 26 31 34 37
12  1  3  4  7 13 14 15 20 21 22 34 35
12  3  4  9 11 12 17 19 20 22 25 33 37
11  2  6 12 20 22 25 28 32 33 34 35
8  5 16 21 23 26 31 36 37
15  0  1  5  8 11 12 13 17 19 20 22 30 31 36 37
13  4  7 14 19 21 22 25 27 28 29 31 37 38
12  2  5  6  8 13 16 19 22 23 27 29 31
12  4  7  8  9 18 19 21 22 24 25 32 33
16  4  7  9 13 16 18 20 21 22 23 27 28 30 32 33 34
10  0  5  6  8 13 17 23 25 27 34
4  9 14 23 25

50
11  2  3  6 12 17 19 23 33 38 44 46
16  3  5  7  9 10 17 18 19 23 30 36 37 40 43 47 49
18  0  6  7 11 15 22 24 26 27 29 30 31 32 36 38 43 45 46
25  0  1 12 14 17 19 20 21 23 25 26 27 28 30 31 34 35 39 41 42 45 46 47 48 49
15  5  6  7 13 14 15 16 17 26 27 29 32 34 43 49
17  1  4  7  8  9 11 14 18 21 25 26 27 31 36 39 44 49
16  0  2  4  8  9 13 17 20 21 28 30 36 38 39 41 44
19  1  2  4  5 10 15 16 17 18 19 21 27 28 30 31 32 39 43 44
8  5  6 21 23 24 25 37 40
15  1  5  6 10 16 17 20 24 25 27 38 41 43 47 49
14  1  7  9 14 16 18 19 23 24 31 34 35 40 45
10  2  5 13 14 20 21 34 37 42 47
14  0  3 13 15 19 25 26 30 33 38 40 43 45 46
13  4  6 11 12 21 22 27 35 38 39 40 41 49
19  3  4  5 10 11 15 18 19 20 22 26 30 32 33 36 39 41 43 44
21  2  4  7 12 14 16 18 19 20 21 23 24 25 26 27 38 41 43 44 45 49
15  4  7  9 10 15 24 28 32 33 36 38 40 41 43 47
14  0  1  3  4  6  7  9 29 30 32 33 37 40 43
16  1  5  7 10 14 15 19 20 27 31 34 35 36 37 45 46
16  0  1  3  7 10 12 14 15 18 21 22 27 28 40 44 45
17  3  6  9 11 14 15 18 21 24 25 27 33 34 41 42 43 46
16  3  5  6  7  8 11 13 15 19 20 29 30 34 37 41 47
11  2 13 14 19 27 28 29 41 44 45 46
12  0  1  3  8 10 15 24 27 29 32 38 48
12  2  8  9 10 15 16 20 23 29 35 39 44
13  3  5  8  9 12 15 20 26 27 32 38 42 47
12  2  3  4  5 12 14 15 25 31 32 34 45
21  2  3  4  5  7  9 13 15 18 19 20 22 23 25 30 32 33 40 43 47 48
13  3  6  7 16 19 22 36 43 44 45 46 47 48
16  2  4 17 21 22 23 24 30 31 33 36 40 43 44 47 49
17  1  2  3  6  7 12 14 17 21 27 29 36 38 39 41 42 45
13  2  3  5  7 10 18 26 29 33 34 37 38 44
16  2  4  7 14 16 17 23 25 26 27 33 36 41 42 45 48
15  0 12 14 16 17 20 27 29 31 32 38 41 42 44 46
15  3  4 10 11 18 20 21 26 31 40 41 42 43 45 49
7  3 10 13 18 24 36 37
15  1  2  5  6 14 16 18 28 29 30 32 35 43 47 48
12  1  8 11 17 18 21 31 35 40 41 43 49
18  0  2  6  9 12 13 15 16 23 25 30 31 33 39 40 43 46 48
12  3  5  6  7 13 14 24 30 38 41 46 47
14  1  8 10 12 13 16 17 19 27 29 34 37 38 47
18  3  6  9 13 14 15 16 20 21 22 30 32 33 34 37 39 44 46
11  3 11 20 25 30 32 33 34 45 47 49
21  1  2  4  7  9 12 14 15 16 17 20 27 28 29 34 36 37 38 44 47 48
16  0  5  6  7 14 15 19 22 24 28 29 31 33 41 43 49
15  2  3 10 12 15 18 19 22 26 28 30 32 34 42 47
13  0  2  3 12 18 20 22 28 33 38 39 41 47
18  1  3  9 11 16 21 25 27 28 29 36 39 40 42 43 45 46 48
9  3 23 27 28 32 36 38 43 47
12  1  3  4  5  9 13 15 29 34 37 42 44

60
47  1  2  3  4  5  6  7  9 10 11 12 13 14 15 16 17 19 20 21 22 23 24 25 28 29 31 33 35 36 38 39 40 41 43 44 45 46 47 48 51 52 53 54 55 56 57 58
40  0  4  7  8  9 11 12 13 15 20 21 24 25 26 27 28 29 30 31 32 33 34 37 39 40 42 43 44 45 46 48 49 50 51 52 53 54 56 57 59
44  0  4  5  6  7  9 10 11 12 13 14 16 18 19 20 22 23 24 25 26 28 30 34 36 38 39 40 41 42 43 45 46 47 49 50 51 52 53 54 55 56 57 58 59
40  0  4  5  6  9 11 12 14 15 16 17 18 19 20 21 22 24 27 28 29 30 31 32 35 37 38 40 41 42 43 44 47 49 50 52 54 56 57 58 59
46  0  1  2  3  5  6  9 11 12 13 14 15 16 17 18 19 20 22 24 25 26 27 28 29 30 31 32 33 34 35 39 40 41 43 45 46 47 48 49 51 52 53 54 55 56 58
41  0  2  3  4  6  7  9 10 11 13 14 17 18 19 20 21 23 24 26 27 28 29 30 31 32 34 36 37 38 39 45 46 47 48 50 51 52 53 54 56 58
41  0  2  3  4  5  9 10 11 12 13 14 15 17 18 19 20 21 22 23 25 26 28 29 31 33 34 37 38 40 42 43 44 45 46 47 48 49 53 54 56 58
42  0  1  2  5  8  9 10 11 16 17 18 20 21 22 23 25 26 27 28 29 31 33 35 36 37 38 39 40 41 42 43 44 45 46 49 50 51 52 54 56 58 59
34  1  7  9 13 14 15 16 17 18 20 21 22 23 25 27 28 30 33 34 36 39 44 45 47 48 50 51 52 53 54 55 57 58 59
41  0  1  2  3  4  5  6  7  8 11 12 14 15 18 21 22 23 24 25 29 32 33 34 35 37 39 41 42 43 44 47 49 50 51 52 54 55 56 57 58 59
37  0  2  5  6  7 11 12 13 15 16 17 18 20 21 22 26 28 30 32 33 34 36 38 39 40 41 45 46 47 49 50 51 52 53 56 57 58
50  0  1  2  3  4  5  6  7  9 10 12 13 15 16 17 18 19 20 21 23 24 26 28 29 30 31 32 33 34 35 37 38 39 40 41 42 44 46 48 49 50 51 52 53 54 55 56 57 58 59
44  0  1  2  3  4  6  9 10 11 13 14 15 19 22 23 24 25 26 27 28 29 30 32 33 34 35 37 40 42 43 44 45 46 47 48 50 51 53 54 55 56 57 58 59
44  0  1  2  4  5  6  8 10 11 12 14 15 19 20 21 22 23 24 26 27 28 31 32 33 34 35 36 37 39 40 41 43 44 45 47 48 49 50 53 54 55 56 57 58
38  0  2  3  4  5  6  8  9 12 13 15 16 17 18 19 20 21 23 24 25 26 27 30 31 32 35 36 37 41 42 43 47 48 49 52 54 55 57
42  0  1  3  4  6  8  9 10 11 12 13 14 16 17 18 20 21 23 26 29 30 31 32 35 36 37 38 39 40 41 43 45 46 47 48 49 51 54 56 57 58 59
34  0  2  3  4  7  8 10 11 14 15 19 20 23 24 25 26 27 31 32 33 34 36 37 41 42 43 44 45 46 47 50 53 54 58
43  0  3  4  5  6  7  8 10 11 14 15 18 19 20 21 22 25 27 28 30 31 32 33 34 36 37 39 40 41 42 44 45 46 47 48 49 50 52 53 54 55 56 57
41  2  3  4  5  6  7  8  9 10 11 14 15 17 19 20 21 23 24 27 28 29 32 34 35 36 38 39 40 41 42 46 47 49 50 51 53 54 56 57 58 59
43  0  2  3  4  5  6 11 12 13 14 16 17 18 20 21 22 23 24 26 27 29 31 33 34 35 36 37 39 40 41 42 43 44 46 47 48 49 53 54 56 57 58 59
46  0  1  2  3  4  5  6  7  8 10 11 13 14 15 16 17 18 19 22 23 25 26 27 29 30 31 32 35 38 39 40 41 42 43 44 46 47 48 49 50 52 53 56 57 58 59
43  0  1  3  5  6  7  8  9 10 11 13 14 15 17 18 19 22 24 25 26 27 29 31 33 34 35 36 38 39 41 42 43 44 45 47 48 49 51 52 53 54 56 59
38  0  2  3  4  6  7  8  9 10 12 13 17 19 20 21 23 25 26 28 31 35 36 37 39 40 41 43 44 45 46 47 49 52 53 54 55 56 57
41  0  2  5  6  7  8  9 11 12 13 14 15 16 18 19 20 22 30 31 32 33 35 37 38 39 40 41 42 44 45 46 47 48 50 51 53 54 56 57 58 59
39  0  1  2  3  4  5  9 11 12 13 14 16 18 19 21 25 27 28 29 30 31 34 35 37 40 41 42 43 44 45 47 48 49 51 53 55 56 57 59
37  0  1  2  4  6  7  8  9 12 14 16 17 20 21 22 24 27 28 31 34 35 36 37 40 42 43 44 45 48 50 51 52 53 54 55 58 59
43  1  2  4  5  6  7 10 11 12 13 14 15 16 19 20 21 22 27 29 30 31 32 34 35 36 37 39 40 41 42 43 44 45 46 47 48 49 50 52 53 55 56 59
41  1  3  4  5  7  8 12 13 14 16 17 18 19 20 21 24 25 26 28 29 30 31 33 35 36 38 39 40 41 42 43 44 45 47 48 49 53 55 56 57 58
41  0  1  2  3  4  5  6  7  8 10 11 12 13 17 18 22 24 25 27 30 31 32 33 34 36 37 38 39 40 42 44 45 47 49 50 51 52 53 54 57 58
35  0  1  3  4  5  6  7  9 11 12 15 18 19 20 21 24 26 27 32 33 35 36 37 38 40 45 46 47 51 52 53 55 56 58 59
40  1  2  3  4  5  8 10 11 12 14 15 17 20 23 24 26 27 28 31 32 33 34 38 39 40 42 43 44 45 48 49 51 52 53 54 55 56 57 58 59
43  0  1  3  4  5  6  7 11 13 14 15 16 17 19 20 21 22 23 24 25 26 27 28 30 35 37 38 39 40 41 43 44 45 46 49 51 53 54 55 56 57 58 59
40  1  3  4  5  9 10 11 12 13 14 15 16 17 18 20 23 26 28 29 30 33 34 36 37 38 39 43 44 45 46 47 48 50 51 53 54 55 56 58 59
35  0  1  4  6  7  8  9 10 11 12 13 16 17 19 21 23 27 28 29 30 32 35 37 38 39 40 42 44 47 48 50 52 55 56 59
40  1  2  4  5  6  8  9 10 11 12 13 16 17 18 19 21 24 25 26 28 30 32 35 37 38 39 40 41 43 44 47 49 52 53 54 55 56 57 58 59
42  0  3  4  7  9 11 12 13 14 15 18 19 20 21 22 23 24 25 26 27 29 31 33 34 36 37 38 39 41 42 43 45 49 50 51 52 53 54 55 57 58 59
38  0  2  5  7  8 10 13 14 15 16 17 18 19 21 22 25 26 27 28 29 32 35 37 38 39 40 42 43 44 45 47 48 49 50 52 54 57 58
42  1  3  5  6  7  9 11 12 13 14 15 16 17 19 22 23 24 25 26 28 29 31 32 33 34 35 36 38 39 40 42 43 44 45 48 49 51 52 54 57 58 59
41  0  2  3  5  6  7 10 11 15 18 20 21 23 27 28 29 30 31 32 33 34 35 36 37 39 40 41 42 43 45 46 48 51 52 53 54 55 56 57 58 59
42  0  1  2  4  5  7  8  9 10 11 13 15 17 18 19 20 21 22 23 26 27 28 30 31 32 33 34 35 36 37 38 42 43 44 45 46 51 53 54 56 58 59
42  0  1  2  3  4  6  7 10 11 12 13 15 17 18 19 20 22 23 24 25 26 27 28 29 30 31 33 34 36 37 38 41 42 43 44 47 48 52 54 55 56 57
39  0  2  3  4  7  9 10 11 13 14 15 16 17 18 19 20 21 22 23 24 26 27 31 34 35 38 40 43 46 47 48 49 50 52 54 56 57 58 59
41  1  2  3  6  7  9 11 12 14 16 17 18 19 20 21 23 24 25 26 27 28 30 33 35 36 37 38 39 40 43 45 46 47 48 49 50 52 53 54 55 57
43  0  1  2  3  4  6  7  9 12 13 14 15 16 19 20 21 22 24 25 26 27 30 31 32 34 35 36 37 38 39 40 41 42 45 47 50 52 53 54 55 57 58 59
43  0  1  3  6  7  8  9 11 12 13 16 17 19 20 21 22 23 24 25 26 27 28 30 31 32 33 34 36 37 39 40 45 46 47 48 49 50 53 54 55 56 57 59
45  0  1  2  4  5  6  7  8 10 12 13 15 16 17 21 22 23 24 25 26 27 28 29 30 31 32 35 36 37 38 39 42 43 44 46 47 48 50 51 52 54 55 57 58 59
36  0  1  2  4  5  6  7 10 11 12 15 16 17 18 19 20 22 23 26 29 31 32 38 39 41 42 44 45 47 48 51 53 55 56 57 59
48  0  2  3  4  5  6  8  9 10 12 13 14 15 16 17 18 19 20 21 22 23 24 26 27 28 29 32 33 34 36 40 41 42 43 44 45 46 48 49 50 51 52 53 54 56 57 58 59
42  0  1  4  5  6  8 11 12 13 14 15 17 19 20 21 23 24 25 26 27 30 32 33 36 37 38 40 41 42 44 45 46 47 49 51 52 53 54 55 56 57 58
41  1  2  3  4  6  7  9 10 11 13 14 15 17 18 19 20 21 22 24 26 27 28 30 31 34 35 36 37 41 42 44 47 48 50 52 53 54 56 57 58 59
37  1  2  3  5  7  8  9 10 11 12 13 16 17 18 20 23 25 26 28 32 33 35 36 41 42 43 44 45 47 49 53 54 55 56 57 58 59
37  0  1  2  4  5  7  8  9 10 11 12 15 18 21 23 24 25 28 29 30 31 32 35 37 38 39 45 46 47 48 52 53 54 56 57 58 59
40  0  1  2  3  4  5  7  8  9 10 11 14 17 20 21 22 25 26 28 29 30 33 34 35 36 37 38 40 41 42 43 45 47 48 49 51 53 55 58 59
47  0  1  2  4  5  6  8 10 11 12 13 16 17 18 19 20 21 22 23 24 25 26 27 28 29 30 31 32 34 35 38 39 42 43 44 46 47 48 49 50 51 52 54 55 56 57 59
49  0  1  2  3  4  5  6  7  8  9 11 12 13 14 15 16 17 18 19 21 22 23 25 28 30 31 32 34 35 36 37 38 39 40 41 42 43 44 45 47 48 49 50 51 53 55 57 58 59
37  0  2  4  8  9 11 12 13 14 17 22 24 25 26 27 29 30 31 32 33 34 35 38 40 42 43 44 45 46 48 50 52 53 54 56 57 58
43  0  1  2  3  4  5  6  7  9 10 11 12 13 15 17 18 19 20 21 22 23 24 26 27 29 30 31 32 33 34 38 39 40 41 44 46 47 48 49 50 51 53 55
45  0  1  2  3  8  9 10 11 12 13 14 15 17 18 19 20 22 23 24 27 28 30 31 34 35 36 37 38 40 41 42 43 44 45 46 47 48 49 50 51 53 54 55 58 59
45  0  2  3  4  5  6  7  8  9 10 11 12 13 15 16 18 19 20 23 25 27 28 29 30 31 32 34 35 36 37 38 39 41 43 45 47 48 49 50 51 52 54 55 57 59
41  1  2  3  7  8  9 11 12 15 18 19 20 21 23 24 25 26 29 30 31 32 33 34 35 37 38 39 41 43 44 45 46 47 49 50 51 52 53 54 57 58

80
21  2  3  6 12 17 19 23 33 38 44 46 51 53 55 57 58 65 66 67 71 78
25  6  7 10 13 17 19 23 24 28 32 39 41 43 44 46 47 48 49 53 55 60 62 63 75 77
36  0  3  5  6  7  9 11 12 13 14 16 17 20 21 25 27 28 31 32 33 34 35 36 37 38 44 45 46 47 48 57 58 60 63 65 74
27  0  2  4  6  7  8 10 13 17 20 24 25 26 30 35 38 43 48 50 51 55 59 62 63 70 72 78
24  3  5  6  8 11 19 24 25 26 27 28 30 36 37 39 40 41 48 52 53 71 73 74 75
22  2  4 13 16 26 32 33 36 40 41 43 54 57 59 63 65 69 71 73 74 78 79
21  0  1  2  3  4 13 16 17 22 27 33 34 40 41 54 57 62 67 70 72 76
26  1  2  3 10 11 15 18 23 25 28 30 31 42 43 48 56 59 60 61 62 70 71 74 75 76 78
28  3  4 11 15 17 18 21 24 26 28 29 35 37 38 39 40 42 43 44 45 46 57 60 62 63 64 68 76
22  2 10 14 15 18 20 22 23 25 29 43 44 46 47 51 54 57 64 65 72 76 79
25  1  3  7  9 11 12 13 21 22 27 28 33 34 46 50 51 56 59 60 62 68 69 76 77 78
22  2  4  7  8 10 13 24 25 29 32 36 42 49 50 51 63 66 67 68 72 75 77
16  0  2 10 13 19 29 35 41 45 50 56 57 62 68 72 77
26  1  2  3  5  6 10 11 12 18 19 21 32 39 41 42 49 52 56 57 66 73 74 75 76 77 78
24  2  9 15 16 18 21 25 28 29 32 34 40 42 43 45 46 49 55 56 59 60 66 72 75
22  7  8  9 14 16 17 20 23 29 32 33 35 37 46 47 48 49 51 55 56 57 76
26  2  5  6 14 15 17 18 22 23 25 31 32 33 36 39 41 44 49 50 59 64 66 72 74 76 77
24  0  1  2  3  6  8 15 16 18 19 25 27 30 33 39 40 48 54 55 65 66 67 70 72
24  7  8  9 13 14 16 17 22 28 29 32 34 37 44 47 52 53 57 60 61 70 71 77 78
24  0  1  4 12 13 17 21 24 27 32 33 34 37 45 51 53 60 62 63 66 71 77 78 79
22  2  3  9 15 24 27 34 35 40 41 44 46 48 49 51 55 56 58 72 76 78 79
29  2  8 10 13 14 19 22 23 27 30 38 39 40 42 43 44 45 46 49 58 60 64 65 66 72 74 75 77 78
25  6  9 10 16 18 21 25 30 31 35 37 39 43 46 47 53 55 57 59 64 67 68 70 72 73
20  0  1  7  9 15 16 21 24 31 36 46 47 54 55 56 65 69 74 76 79
26  1  3  4  8 11 19 20 23 28 29 31 32 34 36 40 48 49 53 57 58 65 69 71 72 74 75
20  2  3  4  7  9 11 14 16 17 22 27 30 31 40 47 53 55 66 70 74
21  3  4  5  8 29 30 33 39 40 45 48 49 55 56 57 65 69 71 73 74 76
30  2  4  6 10 17 19 20 21 25 33 37 44 45 47 48 50 51 52 54 55 56 61 64 68 70 71 74 75 78 79
22  1  2  4  7  8 10 14 18 24 40 42 44 45 57 62 63 64 67 70 77 78 79
23  8  9 11 12 14 15 18 24 26 31 33 37 43 45 46 50 56 65 66 68 71 75 79
20  3  4  7 17 21 22 25 26 32 36 41 43 53 54 57 58 59 67 68 73
25  2  7 16 22 23 24 25 29 35 43 44 46 47 50 51 52 53 56 58 59 61 63 70 71 79
30  1  2  5 11 13 14 15 16 18 19 24 30 33 34 36 37 38 39 42 48 50 51 53 57 58 66 69 71 73 77
25  0  2  5  6 10 15 16 17 19 26 27 29 32 34 39 40 43 45 51 53 59 61 66 68 71
20  2  6 10 14 18 19 20 24 32 33 35 36 42 43 46 56 58 62 67 72
19  2  3  8 12 15 20 22 31 34 36 37 38 42 48 58 59 75 77 78
20  2  4  5 11 16 23 24 30 32 34 35 40 43 46 57 62 63 65 71 75
24  2  4  8 15 18 19 22 27 29 32 35 39 42 46 47 52 56 60 65 66 71 75 78 79
22  0  2  3  8 21 32 35 40 41 42 44 50 51 54 59 66 68 69 70 73 74 79
25  1  4  8 13 16 17 21 22 26 32 33 37 40 44 48 49 50 55 63 64 65 70 71 74 79
24  4  5  6  8 14 17 20 21 24 25 26 28 33 36 38 39 43 48 49 50 70 72 77 78
23  1  4  5  6 12 13 16 20 30 38 44 45 46 49 53 56 59 60 72 73 74 76 79
19  7  8 11 13 14 21 28 32 34 35 37 38 47 54 55 58 60 66 78
24  1  3  5  7  8  9 14 21 22 29 30 31 33 34 36 40 49 50 53 57 61 63 66 75
26  0  1  2  8  9 16 18 20 21 27 28 31 38 39 41 48 49 51 53 54 57 58 64 65 66 67
24  2  8 12 14 19 21 26 27 28 29 33 41 48 51 57 61 63 64 65 67 71 72 73 76
27  0  1  2  8  9 10 14 15 20 21 22 23 29 31 34 36 37 41 50 53 55 61 62 63 71 72 74
22  1  2  9 15 18 22 23 25 27 31 37 42 48 54 57 60 63 64 68 72 73 78
24  1  2  3  4  7 15 17 20 24 26 27 32 35 39 40 44 45 47 52 56 71 75 77 79
25  1 11 13 14 15 16 20 21 24 26 39 40 41 43 44 51 56 58 62 66 67 68 75 76 78
21  3 10 11 12 16 27 29 31 32 38 39 40 43 46 58 59 60 64 70 71 76
31  0  3  9 10 11 15 19 20 27 31 32 33 38 44 45 49 53 55 58 59 61 64 65 66 67 70 71 73 74 76 78
15  4 13 18 27 31 37 48 55 58 62 67 72 73 75 77
22  0  1  4 18 19 22 24 25 30 31 32 33 41 43 44 46 51 54 58 62 66 71
18  5  6  9 17 23 27 30 38 42 44 47 53 55 56 62 66 72 76
24  0  1  3 14 15 17 20 22 23 25 26 27 39 42 46 51 52 54 57 59 61 73 75 77
24  7 10 12 13 14 15 20 23 26 27 29 31 34 37 41 48 49 54 61 70 74 75 78 79
29  0  2  5  6  8  9 12 13 15 18 22 24 26 28 30 32 36 43 44 45 47 55 58 59 64 69 72 74 78
23  0  2 20 21 24 30 31 32 34 35 42 44 49 50 51 52 53 57 64 65 67 73 78
23  3  5  7 10 14 16 22 30 31 33 35 38 41 50 51 55 57 62 63 70 71 78 79
20  1  2  7  8 10 14 18 19 21 37 41 42 47 50 61 65 72 76 77 78
19  7 18 27 31 33 43 45 46 51 55 56 60 65 66 69 70 73 75 78
23  1  3  6  7  8 10 12 19 28 34 36 46 49 52 53 54 59 63 65 66 67 68 78
21  1  2  3  5  8 11 19 28 31 36 39 43 45 46 47 59 62 64 67 72 78
21  8  9 16 21 22 27 28 39 44 45 47 50 51 57 58 63 66 71 76 78 79
24  0  2  5  9 17 21 23 24 26 29 36 37 39 44 45 51 58 60 61 62 68 72 73 76
26  0 11 13 14 16 17 19 21 25 29 32 33 37 38 42 43 44 49 51 53 54 61 62 64 69 74
20  0  6 11 17 22 28 30 34 44 45 49 51 52 58 62 63 68 71 72 73
16  8 10 11 12 22 27 29 30 33 38 47 49 62 65 67 72
13  5 10 23 24 26 32 38 57 61 66 73 77 79
20  3  6  7 17 18 22 25 27 28 31 38 39 40 50 51 56 59 61 73 75
28  0  4  5  7 18 19 24 26 27 29 31 32 33 36 37 39 45 46 48 50 51 53 59 64 67 72 75 79
28  3  6  9 11 12 14 16 17 20 21 22 24 34 40 41 45 46 47 52 54 57 60 63 65 67 68 71 76
23  4  5 13 22 26 30 32 38 41 45 47 51 52 55 58 61 65 67 69 70 74 75 78
22  2  4  5  7 13 16 21 23 24 25 26 27 38 39 41 46 51 56 57 66 73 78
24  1  4  7 11 13 14 21 24 27 29 35 36 37 43 48 49 52 55 56 61 70 71 73 78
23  6  7  8  9 10 13 15 16 20 23 26 41 45 49 50 51 54 60 64 65 72 78 79
19  1 10 11 12 13 16 18 19 21 28 32 35 40 48 52 55 60 69 79
32  0  3  5  7 10 13 18 19 20 21 27 28 35 37 40 42 47 49 51 56 57 58 59 60 61 62 63 64 73 74 75 76
21  5  9 19 20 23 27 28 29 31 37 38 39 41 48 56 59 64 69 71 76 77

90
24  2  3  6 12 17 19 23 33 38 44 46 51 53 55 57 58 65 66 67 71 78 84 85 88
35  3  7  9 13 14 18 22 29 31 33 34 36 37 38 39 43 45 50 52 53 65 67 70 72 73 74 76 78 79 80 81 83 84 87 88
35  0  5  7  8 11 12 13 14 15 16 17 18 24 25 26 27 28 37 38 40 43 45 54 60 62 63 64 66 69 73 76 80 81 82 86
31  0  1  5  8 13 18 20 21 25 29 32 33 40 42 48 50 51 53 56 64 69 70 71 72 73 75 81 82 84 85 86
17  8 12 13 31 33 34 35 47 50 60 66 67 70 74 75 77 88
24  2  3  7  9 13 15 19 21 23 24 28 29 36 39 40 45 50 56 57 63 64 77 80 85
27  0  7 10 12 16 22 23 27 30 35 37 40 42 43 54 55 60 68 71 72 73 74 82 83 86 87 88
35  1  2  5  6  8 12 16 18 19 22 25 27 29 30 36 38 39 40 41 43 44 45 46 47 58 61 63 64 65 69 77 81 85 86 89
28  2  3  4  7 10 12 13 15 19 33 34 36 37 41 44 47 54 55 62 66 69 70 71 72 80 81 86 87
23  1  5 12 13 25 29 30 35 38 39 41 47 48 55 56 57 60 71 72 76 79 83 89
19  6  8 17 18 19 31 34 35 36 40 43 45 48 54 64 70 76 80 85
19  2 13 14 19 25 29 34 41 42 44 55 62 64 65 72 75 79 80 89
35  0  2  4  6  7  8  9 19 20 21 22 23 24 26 27 29 32 36 39 40 43 45 51 53 54 56 57 60 66 67 70 71 77 83 86
31  1  2  3  4  5  8  9 11 15 16 19 22 28 31 32 34 36 45 46 47 48 50 54 55 56 75 79 80 84 85 87
27  1  2 11 18 19 20 23 26 28 31 36 37 46 51 53 59 61 63 64 67 68 74 76 79 82 88 89
22  2  5  8 13 23 29 30 40 41 42 45 47 58 64 65 68 70 73 80 83 88 89
25  2  6  7 13 20 23 24 33 34 40 41 44 47 50 55 56 57 60 68 74 76 83 85 86 89
25  0  2 10 22 28 29 30 34 37 44 45 50 51 54 56 58 59 61 65 66 68 82 86 88 89
33  1  2  3  7 10 14 19 20 24 27 35 36 37 39 40 41 42 43 46 55 57 61 62 63 69 71 72 74 75 79 84 85 89
30  0  5  7  8 10 11 12 13 14 18 21 23 27 30 31 37 39 41 43 48 51 52 54 56 57 64 71 76 86 87
25  3 12 14 16 18 25 26 27 36 40 45 47 50 54 55 57 58 60 62 66 74 75 79 83 84
20  3  5 12 19 23 27 29 30 32 33 39 42 43 52 59 65 67 78 82 86
25  1  6  7 12 13 17 27 28 31 37 38 43 46 47 53 54 55 63 67 69 71 72 74 83 87
32  0  5  6 12 14 15 16 19 21 28 29 31 32 34 35 36 38 39 40 45 48 52 54 55 58 59 62 63 75 77 79 80
25  2  5 12 16 18 27 32 33 34 37 40 47 48 49 51 53 57 63 65 66 70 76 85 86 88
22  2  3  7  9 11 20 27 31 35 37 41 46 48 58 59 62 63 64 72 73 78 88
30  2 12 14 20 33 34 36 37 40 41 42 43 46 48 49 51 53 60 61 69 70 71 73 74 75 76 79 85 87 88
30  2  6  7 12 18 19 20 21 22 24 25 28 32 33 41 44 46 48 52 55 60 61 64 66 72 74 80 82 87 89
22  2  5 13 14 17 22 23 27 31 40 41 47 48 51 61 63 67 72 77 85 86 87
22  1  3  5  7  9 11 12 15 17 21 23 31 37 47 48 64 66 67 72 75 78 89
22  6  7  9 15 17 19 21 35 36 38 44 48 54 57 61 62 67 71 75 80 81 86
34  1  4 10 13 14 19 22 23 25 28 29 32 35 36 38 39 40 42 48 49 52 57 64 66 67 68 71 72 77 78 82 86 87 88
20  3 12 13 21 23 24 27 31 36 44 45 46 51 52 55 60 63 68 69 70
28  0  1  3  4  8 16 21 24 26 27 34 36 41 42 46 47 48 51 55 58 61 62 74 75 76 78 81 86
25  1  4  8 10 11 13 16 17 23 24 26 33 38 39 42 44 50 62 69 70 73 77 81 83 86
23  4  6  9 10 18 23 25 30 31 41 49 50 52 54 55 58 59 65 66 67 68 83 86
35  1  5  7  8 10 12 13 14 18 20 23 26 30 31 32 33 39 43 45 46 47 49 53 54 55 58 65 68 70 76 77 78 86 87 89
25  1  2  6  8 14 17 18 19 22 24 25 26 29 43 49 52 55 58 59 63 67 68 73 78 82
24  0  1  2  7  9 22 23 30 31 34 46 50 52 54 56 61 63 67 71 72 73 80 81 83
33  1  5  7  9 12 18 19 21 23 31 34 36 42 43 44 48 54 55 60 65 67 70 71 73 76 77 78 79 82 83 85 86 88
30  2  3  5  6  7 10 12 15 16 18 20 23 24 26 28 31 41 45 48 52 57 62 63 65 67 70 74 78 82 87
24  7  8  9 11 15 16 18 19 25 26 27 28 33 35 40 48 49 55 59 65 69 74 76 78
26  3  6 11 15 18 21 26 31 33 34 39 43 45 47 54 63 67 68 71 72 73 74 79 84 87 89
27  1  2  6  7 10 12 18 19 21 22 26 36 37 39 42 47 54 55 57 63 68 72 73 80 81 88 89
29  0  7  8 11 16 17 27 30 32 34 39 45 49 56 60 61 62 67 68 71 72 75 77 80 82 84 85 86 87
27  1  2  5  7 10 12 13 15 17 20 23 32 36 40 42 44 53 55 58 63 69 72 77 82 84 85 88
23  0  7 13 14 18 22 25 26 27 32 33 36 38 49 50 53 59 64 70 73 74 75 85
28  4  7  8  9 13 15 16 20 22 24 28 29 33 36 42 43 54 58 60 63 65 70 73 77 81 85 86 89
30  3  9 10 13 19 23 24 25 26 27 28 29 30 31 33 39 40 41 53 57 60 61 63 65 69 70 72 75 77 79
23 24 26 31 35 36 37 41 44 46 50 52 54 57 58 64 67 70 73 74 75 78 81 86
25  1  3  4  5 13 16 17 20 34 35 38 46 49 52 56 57 58 59 63 64 66 68 72 74 86
20  0  3 12 14 17 19 24 26 28 32 33 54 55 63 68 69 77 78 79 81
21  1 19 21 23 27 31 32 35 37 38 40 49 50 64 65 66 77 80 84 85 87
25  0  1  3 12 14 22 24 26 36 45 46 48 55 62 67 68 69 71 72 73 78 79 85 87 89
28  2  6  8 10 12 13 17 19 20 22 23 30 35 36 38 39 42 43 47 49 51 57 67 71 73 77 78 79
30  0  6  8  9 11 13 16 18 20 22 23 27 32 33 35 36 37 39 41 43 45 51 53 58 70 72 75 76 83 87
22  3  5  9 12 13 16 17 19 38 44 50 61 63 64 66 72 78 80 81 82 84 89
30  0  5  9 12 16 18 19 20 24 30 31 40 43 48 49 50 54 59 66 67 68 71 76 77 79 80 81 83 86 88
23  0  7 15 17 20 23 25 33 35 36 37 45 47 49 50 55 69 73 80 82 84 85 88
18 14 17 21 23 25 35 37 41 46 50 57 62 64 69 76 77 82 87
22  2  4  6  9 12 16 20 26 27 32 39 44 47 48 66 68 71 73 76 82 83 89
22  7 14 17 18 26 27 28 30 33 38 44 48 56 68 70 71 72 74 77 82 84 88
21  2  8 11 18 20 23 25 30 33 34 40 44 53 59 67 76 78 79 80 81 83
29  2  5  7 14 18 22 23 24 25 28 32 37 38 40 42 43 45 47 48 50 51 56 64 75 78 81 85 87 88
27  2  3  5  7 10 11 14 15 19 25 27 29 31 46 49 50 52 56 59 63 67 69 70 72 76 78 81
23  0  1  7 11 15 17 21 24 35 36 39 40 41 47 48 52 66 69 70 71 72 81 87
25  0  2  4  8 12 17 20 24 27 29 31 35 50 52 56 57 60 65 67 68 76 77 81 83 85
31  0  1  4 12 14 21 22 28 29 30 31 35 37 38 39 40 42 44 49 53 54 57 62 64 66 69 80 81 83 86 88
26  6 14 15 16 17 31 32 35 36 37 42 43 44 50 51 53 57 60 61 66 73 75 77 78 83 85
22  2  3  7  8 18 22 26 32 34 41 45 48 51 53 58 59 64 65 67 82 86 89
29  1  3  4  8 10 12 15 24 26 32 34 36 39 40 46 47 48 49 55 61 64 65 71 72 77 78 79 86 89
28  0  3  6  8  9 12 18 19 22 26 30 31 38 39 42 44 53 54 57 60 61 65 70 75 81 82 85 87
30  1  3  6  8  9 11 18 22 25 27 28 29 31 38 42 43 44 45 48 50 53 55 56 61 64 65 70 73 78 84
28  1  2  3  6 15 25 26 34 37 38 39 42 43 46 47 49 53 54 58 60 68 72 75 77 78 80 87 88
26  1  4  6 14 16 18 20 22 26 27 33 40 41 42 46 49 50 61 76 77 80 81 84 85 87 89
24  3  4 11 13 18 20 23 26 29 30 33 44 46 48 49 55 63 68 71 73 77 79 80 83
24  1  2  9 10 14 16 19 24 26 33 36 39 41 55 57 59 60 62 64 66 74 79 88 89
31  4  5  7 12 23 28 31 34 36 39 44 45 47 48 51 52 54 57 59 61 66 68 70 73 74 75 79 85 86 87 89
27  0  1 21 25 29 31 33 36 37 39 40 41 49 51 53 54 56 62 63 64 68 70 72 73 80 85 86
26  1  9 11 13 14 18 20 23 26 39 42 48 51 53 54 57 62 70 75 76 77 84 85 87 88 89
29  1  2  5  8 10 11 13 15 23 27 30 38 43 44 52 56 57 58 62 67 73 74 75 78 81 83 84 86 87
27  1  2  3  7  8 30 33 34 38 43 47 49 51 56 57 62 63 64 65 66 67 71 74 80 82 85 89
24  2  3  6 14 17 21 27 31 37 39 40 44 45 56 58 59 60 61 69 71 81 86 88 89
23  1  6  9 12 15 16 20 22 34 35 38 39 55 57 60 62 66 67 68 75 80 84 87
20  0  1  3 13 18 20 42 44 45 52 56 58 61 72 74 79 80 83 85 88
29  0  3  5  7 10 13 16 18 24 26 28 39 44 45 46 47 52 53 58 63 66 68 71 74 77 78 79 81 84
33  2  3  6  7  8 12 16 17 19 21 24 28 30 31 33 34 35 36 39 44 47 49 50 57 67 69 70 77 78 80 82 88 89
27  1  6  8 13 19 22 26 27 28 31 36 40 42 44 52 53 55 59 63 65 71 73 74 77 79 80 83
26  0  1  4  6 14 15 17 24 25 26 31 39 43 45 57 58 61 63 67 73 76 79 82 84 86 89
27  7  9 11 14 15 16 17 18 27 29 36 42 43 47 53 56 60 69 70 74 76 77 79 81 82 86 88

90
65  1  2  3  4  5  6  7  9 10 11 12 13 14 15 16 17 19 20 21 22 23 24 25 28 29 31 33 35 36 38 39 40 41 43 44 45 46 47 48 51 52 53 54 55 56 57 58 62 65 66 67 69 70 71 73 78 79 82 83 84 85 86 87 88 89
68  0  2  3  4  7  9 10 12 13 14 15 16 18 19 20 21 22 23 24 26 27 29 31 32 33 34 36 37 38 39 40 41 43 45 46 47 49 50 51 52 53 55 57 61 63 65 66 67 68 69 70 72 73 74 76 77 78 79 80 81 82 83 84 85 86 87 88 89
64  0  1  5  7  8 10 11 12 13 14 15 16 17 18 20 23 24 25 26 27 28 31 33 34 36 37 38 39 40 43 45 46 48 50 52 53 54 55 56 57 60 62 63 64 65 66 67 68 69 70 71 73 75 76 77 78 79 80 81 82 83 84 85 86
63  0  1  4  5  6  8 10 11 12 13 14 16 17 18 19 20 21 23 25 26 28 29 30 32 33 36 37 38 39 40 42 43 45 46 47 48 49 50 51 53 55 56 57 58 64 65 66 67 69 70 71 72 73 75 77 81 82 83 84 85 86 87 89
63  0  1  3  5  6  7  8  9 10 12 13 15 16 18 20 21 24 25 27 29 30 31 32 33 34 35 36 40 41 43 45 47 48 49 50 55 56 57 59 60 61 62 64 65 66 67 68 70 72 74 75 76 77 78 79 80 81 82 83 84 85 88 89
55  0  2  3  4  6  7  9 11 13 14 15 19 20 21 22 23 24 26 27 28 29 31 33 34 36 39 40 42 45 50 51 53 54 56 57 58 59 60 61 63 64 65 67 68 70 71 74 77 78 79 80 81 85 88 89
62  0  3  4  5  7  8 10 12 14 15 16 17 20 22 23 24 25 27 28 29 30 31 32 33 34 35 37 38 39 40 42 43 44 48 50 52 54 55 56 58 60 61 62 63 67 68 69 71 72 73 74 75 78 79 80 82 83 85 86 87 88 89
69  0  1  2  4  5  6  8  9 11 12 14 16 17 18 19 20 21 22 23 25 26 27 28 29 30 32 34 36 37 38 39 40 41 42 43 44 45 46 47 48 49 50 54 57 58 59 60 61 62 63 64 65 67 68 69 70 72 75 77 78 79 80 81 82 83 85 86 88 89
65  2  3  4  6  7  9 10 11 12 13 14 15 19 20 21 22 23 24 26 27 28 31 32 33 34 35 36 37 39 40 41 43 44 45 47 48 49 50 53 54 55 56 57 58 60 61 62 63 64 65 66 68 69 70 71 72 75 76 77 80 81 82 86 87 88
56  0  1  4  5  7  8 12 13 14 17 19 20 22 25 26 27 29 30 32 35 38 39 40 41 44 45 46 47 48 49 50 52 54 55 56 57 58 60 63 65 66 67 68 71 72 75 76 77 78 79 83 84 85 86 88 89
59  0  1  2  3  4  6  8 14 15 16 17 18 19 20 23 26 27 31 33 34 35 36 37 40 42 43 45 46 47 48 49 51 52 54 55 56 57 59 60 61 62 63 64 65 67 68 69 70 71 72 75 76 77 79 80 83 84 85 88
64  0  2  3  5  7  8 12 13 14 16 17 18 19 20 24 25 27 28 29 31 32 34 35 36 37 38 39 40 41 42 44 45 47 49 51 52 53 54 55 57 58 59 60 61 62 64 65 66 67 71 72 74 75 76 77 79 80 82 83 84 86 87 88 89
61  0  1  2  3  4  6  7  8  9 11 15 18 19 20 21 22 23 24 26 27 28 29 30 32 33 36 37 38 39 40 42 43 44 45 47 49 51 52 53 54 56 57 59 60 61 62 63 65 66 67 69 70 71 72 74 77 78 80 81 83 86
60  0  1  2  3  4  5  8  9 11 14 15 16 18 19 20 22 23 24 25 26 28 31 32 33 34 35 36 45 46 47 48 50 52 53 54 55 56 57 59 60 61 62 63 65 66 68 69 71 72 73 74 75 77 78 79 80 81 84 85 87
66  0  1  2  3  5  6  7  8  9 10 11 13 15 16 17 18 19 20 22 23 24 26 28 30 31 32 34 36 37 40 43 44 45 46 49 51 52 53 54 57 59 60 61 62 63 64 67 68 69 71 72 73 74 76 77 78 79 81 82 83 84 85 86 87 88 89
64  0  1  2  4  5  6  8 10 12 13 14 16 17 18 20 21 23 24 27 28 29 30 31 33 35 36 38 39 40 41 42 43 44 45 47 48 49 53 55 56 57 58 61 62 63 64 65 67 68 69 70 71 73 75 76 78 80 81 82 83 84 85 88 89
59  0  1  2  3  4  6  7 10 11 13 14 15 20 21 23 24 25 26 28 33 34 35 39 40 41 43 44 46 47 48 49 50 51 55 56 57 59 60 61 62 65 66 68 69 70 71 72 73 74 75 76 80 82 83 84 85 86 88 89
58  0  2  3  6  7  9 10 11 14 15 18 19 22 24 26 27 28 29 30 31 32 33 34 36 37 38 39 43 44 45 46 47 48 50 51 53 54 55 56 58 59 61 63 64 65 66 68 70 73 74 76 78 81 82 85 86 88 89
64  1  2  3  4  7 10 11 12 13 14 15 17 19 20 21 23 24 27 29 32 33 34 35 36 37 38 39 40 41 42 43 45 46 47 49 53 54 55 56 57 58 59 61 62 63 64 65 66 67 69 70 71 72 74 75 76 77 79 81 84 85 87 88 89
60  0  1  3  5  7  8  9 10 11 12 13 14 17 18 21 22 23 24 27 28 30 31 33 36 37 38 39 40 41 42 43 45 46 48 51 52 53 54 55 56 57 58 59 62 63 64 65 66 71 73 74 76 78 79 80 81 82 83 86 87
64  0  1  2  3  4  5  6  7  8  9 10 11 12 13 14 15 16 18 22 24 25 26 27 31 34 35 36 37 38 40 42 44 45 46 47 48 50 51 52 53 54 55 57 58 59 60 62 66 68 71 73 74 75 76 78 79 80 81 82 83 84 85 86 89
64  0  1  3  4  5  7  8 12 15 16 18 19 22 23 24 25 27 28 29 30 32 33 34 36 37 39 40 41 42 43 46 48 50 51 52 54 55 56 57 58 59 60 61 63 64 65 66 67 69 70 71 72 73 74 75 76 78 80 81 82 84 85 86 87
65  0  1  5  6  7  8  9 12 13 14 17 19 20 21 23 24 25 26 27 28 29 30 31 32 34 35 36 37 38 40 43 44 45 46 47 48 50 51 53 54 55 56 57 58 63 64 65 67 68 69 71 72 74 75 76 77 80 81 82 83 84 85 86 87 89
63  0  1  2  3  5  6  7  8 10 12 13 14 15 16 18 19 21 22 26 28 29 30 31 32 34 35 36 37 38 39 40 45 46 47 48 51 52 54 55 58 59 61 62 63 64 65 66 67 69 72 73 75 77 78 79 80 81 82 83 84 86 87 88
70  0  1  2  4  5  6  8 11 12 13 14 15 16 17 18 19 20 21 22 25 26 27 30 31 32 33 34 37 38 39 40 42 43 44 45 46 47 48 49 50 51 53 54 55 56 57 59 61 63 64 65 66 67 68 69 70 71 72 76 77 79 80 81 82 83 84 85 86 87 88
53  0  2  3  4  6  7  9 11 13 16 20 21 22 24 27 28 29 30 31 35 36 37 38 41 42 45 46 47 48 49 51 52 56 58 59 60 61 62 63 64 66 67 70 71 72 73 74 78 80 82 85 87 88
63  1  2  3  5  7  8  9 10 12 13 14 16 17 20 22 23 24 27 28 29 30 33 34 35 36 37 39 40 41 42 43 46 47 48 49 51 53 55 56 60 61 64 66 67 69 70 71 72 73 74 75 76 77 78 79 80 81 82 83 85 87 88 89
61  1  2  4  5  6  7  8  9 10 11 12 15 17 18 19 20 21 22 24 25 26 28 29 30 32 33 35 36 41 44 46 48 50 51 52 53 55 58 60 61 63 64 66 68 70 71 72 73 74 75 76 77 78 79 80 82 83 84 86 87 89
63  0  2  3  5  6  7  8 11 12 13 14 15 16 17 19 21 22 23 25 26 27 31 33 34 35 36 37 39 40 41 42 43 44 47 48 49 50 51 52 54 55 56 57 58 59 60 61 63 65 67 72 73 74 75 76 77 78 79 83 85 86 87 89
54  0  1  3  4  5  6  7  9 11 12 15 17 18 21 22 23 25 26 27 31 33 34 35 37 41 42 46 47 48 50 53 54 55 56 57 59 61 62 63 64 66 67 72 73 74 75 76 78 79 82 84 86 88 89
53  3  4  6  7  9 12 14 15 17 19 21 22 23 24 25 26 27 31 32 35 36 37 38 39 40 42 43 44 47 48 50 52 53 54 55 57 60 61 62 67 68 70 71 74 75 77 78 80 81 82 84 86 87
67  0  1  2  4  5  6  8 10 11 13 14 15 17 19 20 22 23 24 25 28 29 30 32 33 35 36 38 39 40 42 43 46 47 48 49 50 51 52 54 56 57 58 59 60 61 62 64 65 66 67 68 69 70 71 72 73 76 77 78 79 80 82 83 84 86 87 88
55  1  3  4  6  7  8  9 11 12 13 14 17 18 21 22 23 24 27 30 31 33 35 36 37 38 39 40 44 45 46 47 51 52 53 54 55 58 59 60 63 64 65 66 67 68 69 70 74 78 80 81 85 87 88 89
67  0  1  2  3  4  5  6  8 10 12 13 15 16 17 18 19 21 24 26 27 28 29 31 32 34 35 36 38 39 40 41 42 43 44 45 46 47 48 51 52 53 55 57 58 59 61 62 63 64 65 68 69 70 74 75 76 77 78 79 80 81 82 84 85 86 87 89
54  1  2  4  5  6  7  8 10 11 13 14 16 17 18 20 21 22 23 24 26 28 29 33 37 38 39 42 44 45 46 48 49 50 51 52 53 58 60 62 65 69 70 71 73 74 77 79 80 81 83 85 86 88 89
60  0  4  6  8  9 10 11 13 15 16 18 20 22 23 25 26 27 28 29 30 31 32 33 36 38 39 40 41 43 45 46 48 49 50 52 54 55 56 57 58 59 60 63 64 65 66 67 68 69 72 74 75 76 78 81 83 84 86 88 89
66  0  1  2  3  4  5  7  8 10 11 12 13 14 15 17 18 19 20 21 22 23 25 26 27 28 30 31 32 33 35 39 41 43 44 45 46 47 49 50 51 52 53 54 55 56 58 60 61 62 63 64 65 68 70 72 76 77 78 80 81 82 84 86 87 88 89
57  1  2  3  6  7  8 10 11 12 14 17 18 19 20 21 22 23 24 25 26 28 29 30 32 34 39 40 41 43 44 45 48 49 52 53 55 58 59 60 61 63 64 66 67 68 69 70 73 75 77 78 79 80 82 83 84 87
59  0  1  2  3  6  7  9 11 12 15 17 18 19 20 22 23 24 25 30 31 32 33 34 35 39 40 41 42 43 45 46 48 49 50 51 52 53 54 55 56 58 59 60 61 63 67 68 69 71 72 73 74 79 80 81 83 84 86 88
65  0  1  2  3  5  6  7  8  9 11 12 15 16 17 18 19 21 23 24 26 28 30 31 32 33 34 35 36 37 38 40 42 43 44 48 49 50 52 53 54 55 56 59 60 62 65 67 69 70 71 72 73 74 75 76 77 78 79 80 82 83 84 85 86 88
63  0  1  2  3  4  5  6  7  8  9 10 11 12 14 15 16 18 19 20 21 22 23 24 26 28 30 31 32 33 35 37 38 39 41 42 45 48 50 51 52 55 56 57 58 59 60 62 63 65 66 67 68 69 70 71 72 73 74 75 78 82 86 87
52  0  1  4  7  8  9 11 15 16 18 19 21 25 26 27 28 29 33 35 36 37 38 40 42 43 44 46 47 48 49 50 51 52 55 56 58 59 65 67 69 70 73 74 75 76 78 79 83 84 85 88 89
57  3  5  6  7 10 11 12 15 18 19 20 21 24 25 26 28 29 30 31 33 34 38 39 40 41 43 44 45 47 51 54 55 57 59 61 62 63 64 65 67 68 69 71 72 73 74 75 76 78 79 81 83 84 86 87 88 89
64  0  1  2  3  4  6  7  8 10 12 14 15 16 17 18 19 21 22 24 26 28 30 31 33 35 36 37 38 39 41 42 44 45 47 48 49 50 51 52 53 54 55 56 57 58 60 61 63 65 66 68 70 71 72 73 75 77 79 80 81 83 87 88 89
59  0  6  7  8  9 11 12 14 15 16 17 20 22 24 27 28 30 32 33 34 36 37 39 41 42 43 45 49 50 51 52 53 55 56 57 58 59 60 61 62 65 67 68 69 71 72 73 74 75 77 79 80 81 82 84 85 86 87 88
66  0  1  2  3  4  5  7  8  9 10 11 12 13 14 15 17 18 19 20 22 23 24 25 32 33 34 35 36 37 38 40 42 43 44 46 47 49 50 53 55 56 58 60 61 63 64 68 69 70 71 72 74 75 76 77 78 79 80 82 83 84 85 86 87 88 89
62  0  1  2  3  7  9 10 13 14 16 17 18 19 20 21 22 23 24 25 26 27 29 31 32 33 34 35 36 38 41 45 47 48 49 50 51 53 54 55 56 57 59 61 63 64 68 69 70 71 72 73 74 75 76 77 78 80 82 83 85 87 88
64  0  1  3  4  7  8  9 10 11 12 13 15 16 17 18 20 22 23 24 25 26 28 29 30 31 32 33 36 41 42 43 45 46 49 50 51 54 55 56 57 58 59 60 61 63 65 67 69 70 71 73 74 76 77 78 79 80 81 83 85 86 87 88 89
57  0  2  3  4  6  7  8  9 10 13 15 16 17 19 20 21 22 23 24 25 26 27 28 29 30 31 33 34 35 37 38 39 40 41 43 46 52 53 57 58 59 60 61 62 63 64 65 67 69 70 72 75 77 79 83 85 86
65  1  3  4  7  8  9 10 11 12 14 15 16 18 24 25 26 28 31 34 35 36 37 38 39 41 43 44 45 46 47 50 52 53 54 55 57 58 59 60 61 62 63 64 65 66 67 68 69 70 71 72 73 74 75 77 78 79 80 81 82 83 85 86 88 89
63  1  2  3  4  5  6  7  8  9 13 16 17 20 21 22 24 27 28 29 30 31 34 35 36 38 39 40 41 43 44 45 46 47 49 51 52 55 56 57 58 59 60 62 63 64 65 66 67 68 69 70 72 73 74 75 76 78 79 80 83 84 86 89
59  0  1  3  5 10 11 12 14 16 17 19 20 21 22 23 24 25 26 27 28 31 32 33 34 36 38 40 41 42 43 44 46 47 50 53 54 55 57 60 62 63 65 66 68 69 71 72 73 74 75 77 78 79 81 82 84 85 87 89
65  0  1  2  6  9 10 11 12 13 14 19 20 21 23 25 27 28 30 31 32 33 34 35 36 37 38 39 40 41 43 44 48 49 50 53 54 55 57 58 59 60 61 62 63 64 65 66 67 68 69 70 71 72 73 74 75 77 78 79 80 82 84 85 86 87
64  0  1  2  3  5  8 11 12 13 14 15 17 18 19 20 22 24 26 27 29 30 32 33 34 36 37 38 39 43 44 45 46 48 49 51 52 55 56 57 58 59 60 62 64 65 66 67 68 69 71 72 73 75 77 78 79 80 82 83 85 86 87 88 89
56  0  2  5  6  7  8  9 10 11 12 13 14 17 18 19 20 21 22 23 24 28 29 30 31 32 35 36 38 39 42 43 46 47 49 51 52 57 60 61 62 63 65 66 67 69 71 72 73 74 77 78 79 81 82 86 89
66  0  1  2  3  4  6  8  9 10 11 13 15 16 17 18 19 20 21 22 23 24 26 27 28 29 30 32 33 35 36 37 38 39 40 41 42 43 44 45 46 47 49 50 51 52 53 57 58 59 63 69 70 71 72 74 75 76 77 78 80 81 82 83 84 85 87
61  0  2  3  4  5  6  8  9 10 12 13 15 16 17 18 19 21 22 24 25 26 28 29 31 35 36 38 39 40 41 43 44 45 46 47 50 53 57 60 61 63 64 65 66 67 69 70 71 72 75 76 77 78 80 81 82 83 84 85 86 89
68  0  1  2  3  4  5  7  8  9 10 11 12 13 14 15 16 18 19 20 21 22 24 28 29 30 31 33 35 40 42 43 44 46 47 48 49 50 51 52 53 54 55 56 59 60 61 62 63 64 65 66 67 68 69 71 72 73 76 77 79 80 81 82 83 84 86 87 88
62  0  3  5  6  7  8  9 11 15 17 18 19 20 21 22 23 25 27 28 31 32 33 34 35 36 37 38 40 41 43 44 45 47 48 49 50 52 53 55 59 61 63 65 66 68 69 72 73 75 76 78 79 80 81 82 83 84 85 86 87 88 89
58  4  5  7 10 11 12 13 14 16 17 18 19 20 21 23 24 25 28 29 31 32 33 35 37 38 39 40 41 42 44 46 47 48 49 50 52 53 55 57 58 62 64 66 67 69 71 73 75 76 77 78 79 80 81 82 84 85 87
61  2  4  5  6  7  8  9 10 11 12 13 14 16 20 21 25 26 27 28 30 31 32 34 35 36 37 38 39 40 43 44 45 47 48 49 50 51 52 53 54 56 57 61 64 65 66 67 68 70 71 72 73 76 77 79 81 82 83 84 88 89
63  1  4  5  6  7  8 10 11 12 13 14 15 16 17 18 21 23 24 25 26 27 28 29 30 31 33 36 37 38 42 43 44 45 46 47 48 49 52 54 56 57 58 60 62 63 65 66 67 68 69 70 71 72 73 74 77 80 82 83 84 85 88 89
54  0  2  4  6  7  8 10 11 12 13 14 15 16 18 19 20 23 25 29 30 31 33 34 36 39 40 42 44 48 49 50 51 52 53 54 57 59 61 64 65 66 67 68 70 76 77 78 79 80 81 83 85 86 87
64  1  2  5  6  7  8  9 10 12 13 14 15 17 18 19 21 22 23 24 25 27 28 29 32 33 35 36 37 38 40 42 43 45 46 47 48 49 50 51 52 54 55 56 57 58 61 64 65 67 68 69 70 72 75 76 77 78 79 80 81 84 85 87 88
58  2  3  4  5  7  8 10 11 14 15 17 18 19 21 22 23 24 25 26 27 29 31 32 33 35 36 37 42 45 46 48 49 50 52 53 56 57 59 60 62 63 66 67 69 70 71 72 75 76 77 78 80 81 82 84 86 87 89
67  0  1  2  3  4  5  7  8  9 10 11 12 13 15 16 17 18 19 21 22 23 24 28 31 32 33 34 35 36 39 40 41 42 43 44 47 48 49 50 51 52 53 54 56 57 58 60 61 62 63 66 68 69 70 71 72 73 74 77 78 80 81 82 83 85 86 87
59  0  1  2  3  4  8  9 11 12 13 16 17 18 19 20 21 23 24 25 26 27 29 31 32 35 37 40 43 49 50 51 52 53 54 56 57 58 59 60 61 62 64 65 67 68 70 72 75 76 77 78 79 80 81 83 85 86 87 88
69  0  1  2  3  4  5  6  7  9 10 11 12 14 15 18 21 22 23 24 25 26 28 29 30 31 32 35 37 38 39 40 41 42 44 47 48 49 50 52 53 54 56 57 59 60 61 62 63 64 66 69 70 71 72 73 74 75 77 78 79 80 81 82 83 85 86 87 88 89
60  1  2  4  5  6  7  8  9 10 13 14 15 16 17 20 22 24 27 30 31 32 33 35 36 37 38 40 42 43 44 45 46 49 50 51 52 53 57 58 60 61 62 63 65 66 69 72 73 74 75 77 78 80 81 82 83 85 87 88 89
66  0  1  2  3  6  7  8 10 12 13 14 15 16 18 21 22 23 24 26 31 32 33 34 35 37 38 39 40 41 42 44 45 46 47 48 49 50 51 52 53 54 55 56 57 58 59 61 63 64 65 67 68 70 74 75 78 79 80 81 82 84 85 86 87 88 89
62  0  1  2  3  4  5  7  8 10 12 15 16 17 18 21 24 25 26 27 30 31 32 33 34 36 37 39 40 41 43 45 46 47 48 49 50 52 55 56 60 61 62 63 64 65 66 67 69 71 72 75 76 77 78 79 81 83 84 85 86 88 89
62  0  2  3  5  6  8  9 10 11 12 13 14 15 16 18 19 20 21 22 24 25 26 27 30 31 34 38 39 40 42 43 44 45 46 47 49 51 52 53 54 55 56 57 59 60 61 64 65 67 70 72 75 77 79 81 82 84 85 86 87 88 89
65  1  3  4  6  7  8  9 10 11 12 13 14 16 18 21 22 23 24 25 26 27 28 29 31 35 36 38 39 40 42 43 44 45 46 48 49 50 51 52 53 54 55 56 57 58 60 61 63 64 65 66 67 68 70 71 73 75 77 78 79 81 84 86 88 89
57  0  1  2  3  6 13 14 15 16 17 19 20 21 23 25 26 27 28 29 31 34 37 38 39 40 41 42 43 44 46 47 49 50 51 52 53 54 57 58 59 60 61 65 67 68 72 75 76 77 78 79 80 83 84 87 88 89
58  1  4  5  6 11 12 13 14 16 17 18 19 20 21 22 25 26 27 28 29 30 32 33 34 35 38 39 40 41 42 44 45 46 47 49 50 51 52 54 55 61 65 67 68 69 75 76 77 78 79 80 81 82 84 85 86 87 89
63  2  3  4  6  7  8  9 10 11 13 15 16 18 20 21 22 23 26 27 28 29 30 33 35 37 39 40 41 42 43 44 45 46 48 49 50 51 52 53 55 56 58 59 63 64 66 67 68 69 70 71 72 73 74 77 78 79 80 82 83 84 87 88
54  1  2  4  8  9 10 11 14 15 16 17 18 19 20 21 22 24 26 27 28 29 31 33 35 36 39 41 42 45 46 47 50 55 56 57 58 59 60 62 63 64 66 70 73 74 77 78 79 81 83 84 87 88 89
65  1  2  3  4  5  7  8  9 10 11 12 13 14 18 22 23 24 26 27 28 30 31 33 34 36 37 39 43 44 45 46 47 48 49 51 52 53 54 55 56 57 59 60 61 62 63 64 65 66 67 68 70 71 72 73 74 75 76 79 84 85 86 87 88 89
65  0  1  2  4  5  6  7  9 12 13 14 15 17 19 20 21 23 25 26 27 28 29 30 31 32 33 35 36 37 39 40 41 42 45 46 47 49 50 51 52 53 54 55 56 58 59 62 63 64 65 66 67 68 69 70 72 73 74 75 76 80 82 85 86 89
63  0  1  2  4  5  6  7  9 10 11 13 14 18 19 20 23 24 26 27 28 29 31 33 34 37 38 39 41 42 43 44 45 47 48 49 50 51 52 53 54 57 58 59 60 62 63 66 67 69 70 71 72 73 74 75 76 77 81 84 85 87 88 89
66  1  2  4  5  6  7  8 10 11 12 13 15 16 19 20 21 22 23 24 25 26 27 30 31 32 33 34 36 37 38 39 43 44 45 46 47 49 50 52 53 55 56 57 58 59 61 62 63 64 65 66 67 68 69 73 74 75 78 81 83 84 85 86 87 88 89
60  1  2  3  4  5  7  8 12 13 14 15 17 18 19 20 21 22 23 24 26 30 32 33 34 35 36 38 42 43 44 47 49 51 54 55 56 57 58 59 60 62 63 64 65 66 67 68 69 70 71 72 74 76 79 80 82 83 85 87 89
59  0  1  2  3  4  6  7  8 11 14 15 16 17 19 20 21 22 23 24 25 26 27 29 30 31 33 36 37 39 40 44 45 46 49 51 52 53 54 55 56 57 58 59 60 61 64 65 67 68 69 71 74 75 78 81 86 87 88 89
61  0  1  2  3  4  6  7  9 10 11 12 14 15 16 19 20 22 23 24 26 27 28 31 34 35 37 38 39 41 42 43 45 46 47 48 49 50 53 55 56 57 58 60 61 62 65 66 67 68 70 73 75 76 80 81 84 85 86 87 88 89
59  0  1  2  3  4  9 10 11 13 14 15 16 18 20 21 22 23 24 27 29 30 31 33 35 36 37 38 39 41 42 44 45 50 51 52 55 56 57 58 59 60 61 63 64 69 70 71 72 73 74 75 76 77 79 80 83 85 87 88
61  0  1  2  3  4  5  6  7  9 10 13 14 15 16 17 18 20 21 22 24 25 26 28 32 33 34 39 41 44 45 46 47 48 49 51 52 53 55 56 58 59 61 62 63 65 66 67 68 69 70 71 74 77 78 79 80 81 83 84 87 89
61  0  1  2  3  6  7  8  9 11 12 14 16 17 19 20 21 22 23 24 27 28 29 30 31 33 34 35 36 38 39 40 42 44 45 47 48 49 50 52 53 54 56 57 58 62 64 65 66 67 69 70 71 72 74 77 78 80 82 83 88 89
61  0  1  3  6  8 11 13 14 18 19 21 22 23 24 25 26 27 28 30 31 32 33 36 37 40 42 43 44 45 46 47 51 52 53 55 57 58 59 62 63 64 65 66 67 68 69 71 73 74 75 76 77 79 80 81 82 83 84 85 88 89
60  0  1  4  5  6  7  8  9 10 11 14 15 16 17 18 23 24 25 26 29 31 32 34 35 36 38 39 41 42 43 44 45 46 47 49 53 57 58 60 61 63 66 67 68 69 70 71 72 73 75 76 77 79 80 82 83 84 86 87 89
60  0  1  3  4  5  6  7  9 11 14 15 16 17 18 20 22 26 27 28 29 32 33 34 35 36 41 42 43 45 47 49 50 51 53 54 56 58 60 61 64 67 68 69 70 71 72 73 74 76 77 78 79 80 81 82 83 85 86 87 88
