10
3 1 5 9 
3 0 2 6 
3 1 3 7 
3 2 4 8 
3 3 5 9 
3 0 4 6 
3 1 5 7 
3 2 6 8 
3 3 7 9 
3 0 4 8 
20
3 1 10 19 
3 0 2 11 
3 1 3 12 
3 2 4 13 
3 3 5 14 
3 4 6 15 
3 5 7 16 
3 6 8 17 
3 7 9 18 
3 8 10 19 
3 0 9 11 
3 1 10 12 
3 2 11 13 
3 3 12 14 
3 4 13 15 
3 5 14 16 
3 6 15 17 
3 7 16 18 
3 8 17 19 
3 0 9 18 
30
3 1 15 29 
3 0 2 16 
3 1 3 17 
3 2 4 18 
3 3 5 19 
3 4 6 20 
3 5 7 21 
3 6 8 22 
3 7 9 23 
3 8 10 24 
3 9 11 25 
3 10 12 26 
3 11 13 27 
3 12 14 28 
3 13 15 29 
3 0 14 16 
3 1 15 17 
3 2 16 18 
3 3 17 19 
3 4 18 20 
3 5 19 21 
3 6 20 22 
3 7 21 23 
3 8 22 24 
3 9 23 25 
3 10 24 26 
3 11 25 27 
3 12 26 28 
3 13 27 29 
3 0 14 28 
40
3 1 20 39 
3 0 2 21 
3 1 3 22 
3 2 4 23 
3 3 5 24 
3 4 6 25 
3 5 7 26 
3 6 8 27 
3 7 9 28 
3 8 10 29 
3 9 11 30 
3 10 12 31 
3 11 13 32 
3 12 14 33 
3 13 15 34 
3 14 16 35 
3 15 17 36 
3 16 18 37 
3 17 19 38 
3 18 20 39 
3 0 19 21 
3 1 20 22 
3 2 21 23 
3 3 22 24 
3 4 23 25 
3 5 24 26 
3 6 25 27 
3 7 26 28 
3 8 27 29 
3 9 28 30 
3 10 29 31 
3 11 30 32 
3 12 31 33 
3 13 32 34 
3 14 33 35 
3 15 34 36 
3 16 35 37 
3 17 36 38 
3 18 37 39 
3 0 19 38 
60
3 1 30 59 
3 0 2 31 
3 1 3 32 
3 2 4 33 
3 3 5 34 
3 4 6 35 
3 5 7 36 
3 6 8 37 
3 7 9 38 
3 8 10 39 
3 9 11 40 
3 10 12 41 
3 11 13 42 
3 12 14 43 
3 13 15 44 
3 14 16 45 
3 15 17 46 
3 16 18 47 
3 17 19 48 
3 18 20 49 
3 19 21 50 
3 20 22 51 
3 21 23 52 
3 22 24 53 
3 23 25 54 
3 24 26 55 
3 25 27 56 
3 26 28 57 
3 27 29 58 
3 28 30 59 
3 0 29 31 
3 1 30 32 
3 2 31 33 
3 3 32 34 
3 4 33 35 
3 5 34 36 
3 6 35 37 
3 7 36 38 
3 8 37 39 
3 9 38 40 
3 10 39 41 
3 11 40 42 
3 12 41 43 
3 13 42 44 
3 14 43 45 
3 15 44 46 
3 16 45 47 
3 17 46 48 
3 18 47 49 
3 19 48 50 
3 20 49 51 
3 21 50 52 
3 22 51 53 
3 23 52 54 
3 24 53 55 
3 25 54 56 
3 26 55 57 
3 27 56 58 
3 28 57 59 
3 0 29 58 
