 10
3   1   4   5
3   2   0   6
3   3   1   7
3   4   2   8
3   0   3   9
3   6   9   0
3   7   5   1
3   8   6   2
3   9   7   3
3   5   8   4

 12
3   1   5   6
3   2   0   7
3   3   1   8
3   4   2   9
3   5   3  10
3   0   4  11
3   7  11   0
3   8   6   1
3   9   7   2
3  10   8   3
3  11   9   4
3   6  10   5

 14
3   1   6   7
3   2   0   8
3   3   1   9
3   4   2  10
3   5   3  11
3   6   4  12
3   0   5  13
3   8  13   0
3   9   7   1
3  10   8   2
3  11   9   3
3  12  10   4
3  13  11   5
3   7  12   6

 16
3   1   7   8
3   2   0   9
3   3   1  10
3   4   2  11
3   5   3  12
3   6   4  13
3   7   5  14
3   0   6  15
3   9  15   0
3  10   8   1
3  11   9   2
3  12  10   3
3  13  11   4
3  14  12   5
3  15  13   6
3   8  14   7

 18
3   1   8   9
3   2   0  10
3   3   1  11
3   4   2  12
3   5   3  13
3   6   4  14
3   7   5  15
3   8   6  16
3   0   7  17
3  10  17   0
3  11   9   1
3  12  10   2
3  13  11   3
3  14  12   4
3  15  13   5
3  16  14   6
3  17  15   7
3   9  16   8

 20
3   1   9  10
3   2   0  11
3   3   1  12
3   4   2  13
3   5   3  14
3   6   4  15
3   7   5  16
3   8   6  17
3   9   7  18
3   0   8  19
3  11  19   0
3  12  10   1
3  13  11   2
3  14  12   3
3  15  13   4
3  16  14   5
3  17  15   6
3  18  16   7
3  19  17   8
3  10  18   9

 22
3   1  10  11
3   2   0  12
3   3   1  13
3   4   2  14
3   5   3  15
3   6   4  16
3   7   5  17
3   8   6  18
3   9   7  19
3  10   8  20
3   0   9  21
3  12  21   0
3  13  11   1
3  14  12   2
3  15  13   3
3  16  14   4
3  17  15   5
3  18  16   6
3  19  17   7
3  20  18   8
3  21  19   9
3  11  20  10

 24
3   1  11  12
3   2   0  13
3   3   1  14
3   4   2  15
3   5   3  16
3   6   4  17
3   7   5  18
3   8   6  19
3   9   7  20
3  10   8  21
3  11   9  22
3   0  10  23
3  13  23   0
3  14  12   1
3  15  13   2
3  16  14   3
3  17  15   4
3  18  16   5
3  19  17   6
3  20  18   7
3  21  19   8
3  22  20   9
3  23  21  10
3  12  22  11

 26
3   1  12  13
3   2   0  14
3   3   1  15
3   4   2  16
3   5   3  17
3   6   4  18
3   7   5  19
3   8   6  20
3   9   7  21
3  10   8  22
3  11   9  23
3  12  10  24
3   0  11  25
3  14  25   0
3  15  13   1
3  16  14   2
3  17  15   3
3  18  16   4
3  19  17   5
3  20  18   6
3  21  19   7
3  22  20   8
3  23  21   9
3  24  22  10
3  25  23  11
3  13  24  12

 28
3   1  13  14
3   2   0  15
3   3   1  16
3   4   2  17
3   5   3  18
3   6   4  19
3   7   5  20
3   8   6  21
3   9   7  22
3  10   8  23
3  11   9  24
3  12  10  25
3  13  11  26
3   0  12  27
3  15  27   0
3  16  14   1
3  17  15   2
3  18  16   3
3  19  17   4
3  20  18   5
3  21  19   6
3  22  20   7
3  23  21   8
3  24  22   9
3  25  23  10
3  26  24  11
3  27  25  12
3  14  26  13

 30
3   1  14  15
3   2   0  16
3   3   1  17
3   4   2  18
3   5   3  19
3   6   4  20
3   7   5  21
3   8   6  22
3   9   7  23
3  10   8  24
3  11   9  25
3  12  10  26
3  13  11  27
3  14  12  28
3   0  13  29
3  16  29   0
3  17  15   1
3  18  16   2
3  19  17   3
3  20  18   4
3  21  19   5
3  22  20   6
3  23  21   7
3  24  22   8
3  25  23   9
3  26  24  10
3  27  25  11
3  28  26  12
3  29  27  13
3  15  28  14

 32
3   1  15  16
3   2   0  17
3   3   1  18
3   4   2  19
3   5   3  20
3   6   4  21
3   7   5  22
3   8   6  23
3   9   7  24
3  10   8  25
3  11   9  26
3  12  10  27
3  13  11  28
3  14  12  29
3  15  13  30
3   0  14  31
3  17  31   0
3  18  16   1
3  19  17   2
3  20  18   3
3  21  19   4
3  22  20   5
3  23  21   6
3  24  22   7
3  25  23   8
3  26  24   9
3  27  25  10
3  28  26  11
3  29  27  12
3  30  28  13
3  31  29  14
3  16  30  15

 34
3   1  16  17
3   2   0  18
3   3   1  19
3   4   2  20
3   5   3  21
3   6   4  22
3   7   5  23
3   8   6  24
3   9   7  25
3  10   8  26
3  11   9  27
3  12  10  28
3  13  11  29
3  14  12  30
3  15  13  31
3  16  14  32
3   0  15  33
3  18  33   0
3  19  17   1
3  20  18   2
3  21  19   3
3  22  20   4
3  23  21   5
3  24  22   6
3  25  23   7
3  26  24   8
3  27  25   9
3  28  26  10
3  29  27  11
3  30  28  12
3  31  29  13
3  32  30  14
3  33  31  15
3  17  32  16

 36
3   1  17  18
3   2   0  19
3   3   1  20
3   4   2  21
3   5   3  22
3   6   4  23
3   7   5  24
3   8   6  25
3   9   7  26
3  10   8  27
3  11   9  28
3  12  10  29
3  13  11  30
3  14  12  31
3  15  13  32
3  16  14  33
3  17  15  34
3   0  16  35
3  19  35   0
3  20  18   1
3  21  19   2
3  22  20   3
3  23  21   4
3  24  22   5
3  25  23   6
3  26  24   7
3  27  25   8
3  28  26   9
3  29  27  10
3  30  28  11
3  31  29  12
3  32  30  13
3  33  31  14
3  34  32  15
3  35  33  16
3  18  34  17

 38
3   1  18  19
3   2   0  20
3   3   1  21
3   4   2  22
3   5   3  23
3   6   4  24
3   7   5  25
3   8   6  26
3   9   7  27
3  10   8  28
3  11   9  29
3  12  10  30
3  13  11  31
3  14  12  32
3  15  13  33
3  16  14  34
3  17  15  35
3  18  16  36
3   0  17  37
3  20  37   0
3  21  19   1
3  22  20   2
3  23  21   3
3  24  22   4
3  25  23   5
3  26  24   6
3  27  25   7
3  28  26   8
3  29  27   9
3  30  28  10
3  31  29  11
3  32  30  12
3  33  31  13
3  34  32  14
3  35  33  15
3  36  34  16
3  37  35  17
3  19  36  18

 40
3   1  19  20
3   2   0  21
3   3   1  22
3   4   2  23
3   5   3  24
3   6   4  25
3   7   5  26
3   8   6  27
3   9   7  28
3  10   8  29
3  11   9  30
3  12  10  31
3  13  11  32
3  14  12  33
3  15  13  34
3  16  14  35
3  17  15  36
3  18  16  37
3  19  17  38
3   0  18  39
3  21  39   0
3  22  20   1
3  23  21   2
3  24  22   3
3  25  23   4
3  26  24   5
3  27  25   6
3  28  26   7
3  29  27   8
3  30  28   9
3  31  29  10
3  32  30  11
3  33  31  12
3  34  32  13
3  35  33  14
3  36  34  15
3  37  35  16
3  38  36  17
3  39  37  18
3  20  38  19

 42
3   1  20  21
3   2   0  22
3   3   1  23
3   4   2  24
3   5   3  25
3   6   4  26
3   7   5  27
3   8   6  28
3   9   7  29
3  10   8  30
3  11   9  31
3  12  10  32
3  13  11  33
3  14  12  34
3  15  13  35
3  16  14  36
3  17  15  37
3  18  16  38
3  19  17  39
3  20  18  40
3   0  19  41
3  22  41   0
3  23  21   1
3  24  22   2
3  25  23   3
3  26  24   4
3  27  25   5
3  28  26   6
3  29  27   7
3  30  28   8
3  31  29   9
3  32  30  10
3  33  31  11
3  34  32  12
3  35  33  13
3  36  34  14
3  37  35  15
3  38  36  16
3  39  37  17
3  40  38  18
3  41  39  19
3  21  40  20

 44
3   1  21  22
3   2   0  23
3   3   1  24
3   4   2  25
3   5   3  26
3   6   4  27
3   7   5  28
3   8   6  29
3   9   7  30
3  10   8  31
3  11   9  32
3  12  10  33
3  13  11  34
3  14  12  35
3  15  13  36
3  16  14  37
3  17  15  38
3  18  16  39
3  19  17  40
3  20  18  41
3  21  19  42
3   0  20  43
3  23  43   0
3  24  22   1
3  25  23   2
3  26  24   3
3  27  25   4
3  28  26   5
3  29  27   6
3  30  28   7
3  31  29   8
3  32  30   9
3  33  31  10
3  34  32  11
3  35  33  12
3  36  34  13
3  37  35  14
3  38  36  15
3  39  37  16
3  40  38  17
3  41  39  18
3  42  40  19
3  43  41  20
3  22  42  21

 46
3   1  22  23
3   2   0  24
3   3   1  25
3   4   2  26
3   5   3  27
3   6   4  28
3   7   5  29
3   8   6  30
3   9   7  31
3  10   8  32
3  11   9  33
3  12  10  34
3  13  11  35
3  14  12  36
3  15  13  37
3  16  14  38
3  17  15  39
3  18  16  40
3  19  17  41
3  20  18  42
3  21  19  43
3  22  20  44
3   0  21  45
3  24  45   0
3  25  23   1
3  26  24   2
3  27  25   3
3  28  26   4
3  29  27   5
3  30  28   6
3  31  29   7
3  32  30   8
3  33  31   9
3  34  32  10
3  35  33  11
3  36  34  12
3  37  35  13
3  38  36  14
3  39  37  15
3  40  38  16
3  41  39  17
3  42  40  18
3  43  41  19
3  44  42  20
3  45  43  21
3  23  44  22

 48
3   1  23  24
3   2   0  25
3   3   1  26
3   4   2  27
3   5   3  28
3   6   4  29
3   7   5  30
3   8   6  31
3   9   7  32
3  10   8  33
3  11   9  34
3  12  10  35
3  13  11  36
3  14  12  37
3  15  13  38
3  16  14  39
3  17  15  40
3  18  16  41
3  19  17  42
3  20  18  43
3  21  19  44
3  22  20  45
3  23  21  46
3   0  22  47
3  25  47   0
3  26  24   1
3  27  25   2
3  28  26   3
3  29  27   4
3  30  28   5
3  31  29   6
3  32  30   7
3  33  31   8
3  34  32   9
3  35  33  10
3  36  34  11
3  37  35  12
3  38  36  13
3  39  37  14
3  40  38  15
3  41  39  16
3  42  40  17
3  43  41  18
3  44  42  19
3  45  43  20
3  46  44  21
3  47  45  22
3  24  46  23

 50
3   1  24  25
3   2   0  26
3   3   1  27
3   4   2  28
3   5   3  29
3   6   4  30
3   7   5  31
3   8   6  32
3   9   7  33
3  10   8  34
3  11   9  35
3  12  10  36
3  13  11  37
3  14  12  38
3  15  13  39
3  16  14  40
3  17  15  41
3  18  16  42
3  19  17  43
3  20  18  44
3  21  19  45
3  22  20  46
3  23  21  47
3  24  22  48
3   0  23  49
3  26  49   0
3  27  25   1
3  28  26   2
3  29  27   3
3  30  28   4
3  31  29   5
3  32  30   6
3  33  31   7
3  34  32   8
3  35  33   9
3  36  34  10
3  37  35  11
3  38  36  12
3  39  37  13
3  40  38  14
3  41  39  15
3  42  40  16
3  43  41  17
3  44  42  18
3  45  43  19
3  46  44  20
3  47  45  21
3  48  46  22
3  49  47  23
3  25  48  24

 52
3   1  25  26
3   2   0  27
3   3   1  28
3   4   2  29
3   5   3  30
3   6   4  31
3   7   5  32
3   8   6  33
3   9   7  34
3  10   8  35
3  11   9  36
3  12  10  37
3  13  11  38
3  14  12  39
3  15  13  40
3  16  14  41
3  17  15  42
3  18  16  43
3  19  17  44
3  20  18  45
3  21  19  46
3  22  20  47
3  23  21  48
3  24  22  49
3  25  23  50
3   0  24  51
3  27  51   0
3  28  26   1
3  29  27   2
3  30  28   3
3  31  29   4
3  32  30   5
3  33  31   6
3  34  32   7
3  35  33   8
3  36  34   9
3  37  35  10
3  38  36  11
3  39  37  12
3  40  38  13
3  41  39  14
3  42  40  15
3  43  41  16
3  44  42  17
3  45  43  18
3  46  44  19
3  47  45  20
3  48  46  21
3  49  47  22
3  50  48  23
3  51  49  24
3  26  50  25

 54
3   1  26  27
3   2   0  28
3   3   1  29
3   4   2  30
3   5   3  31
3   6   4  32
3   7   5  33
3   8   6  34
3   9   7  35
3  10   8  36
3  11   9  37
3  12  10  38
3  13  11  39
3  14  12  40
3  15  13  41
3  16  14  42
3  17  15  43
3  18  16  44
3  19  17  45
3  20  18  46
3  21  19  47
3  22  20  48
3  23  21  49
3  24  22  50
3  25  23  51
3  26  24  52
3   0  25  53
3  28  53   0
3  29  27   1
3  30  28   2
3  31  29   3
3  32  30   4
3  33  31   5
3  34  32   6
3  35  33   7
3  36  34   8
3  37  35   9
3  38  36  10
3  39  37  11
3  40  38  12
3  41  39  13
3  42  40  14
3  43  41  15
3  44  42  16
3  45  43  17
3  46  44  18
3  47  45  19
3  48  46  20
3  49  47  21
3  50  48  22
3  51  49  23
3  52  50  24
3  53  51  25
3  27  52  26

 56
3   1  27  28
3   2   0  29
3   3   1  30
3   4   2  31
3   5   3  32
3   6   4  33
3   7   5  34
3   8   6  35
3   9   7  36
3  10   8  37
3  11   9  38
3  12  10  39
3  13  11  40
3  14  12  41
3  15  13  42
3  16  14  43
3  17  15  44
3  18  16  45
3  19  17  46
3  20  18  47
3  21  19  48
3  22  20  49
3  23  21  50
3  24  22  51
3  25  23  52
3  26  24  53
3  27  25  54
3   0  26  55
3  29  55   0
3  30  28   1
3  31  29   2
3  32  30   3
3  33  31   4
3  34  32   5
3  35  33   6
3  36  34   7
3  37  35   8
3  38  36   9
3  39  37  10
3  40  38  11
3  41  39  12
3  42  40  13
3  43  41  14
3  44  42  15
3  45  43  16
3  46  44  17
3  47  45  18
3  48  46  19
3  49  47  20
3  50  48  21
3  51  49  22
3  52  50  23
3  53  51  24
3  54  52  25
3  55  53  26
3  28  54  27

 58
3   1  28  29
3   2   0  30
3   3   1  31
3   4   2  32
3   5   3  33
3   6   4  34
3   7   5  35
3   8   6  36
3   9   7  37
3  10   8  38
3  11   9  39
3  12  10  40
3  13  11  41
3  14  12  42
3  15  13  43
3  16  14  44
3  17  15  45
3  18  16  46
3  19  17  47
3  20  18  48
3  21  19  49
3  22  20  50
3  23  21  51
3  24  22  52
3  25  23  53
3  26  24  54
3  27  25  55
3  28  26  56
3   0  27  57
3  30  57   0
3  31  29   1
3  32  30   2
3  33  31   3
3  34  32   4
3  35  33   5
3  36  34   6
3  37  35   7
3  38  36   8
3  39  37   9
3  40  38  10
3  41  39  11
3  42  40  12
3  43  41  13
3  44  42  14
3  45  43  15
3  46  44  16
3  47  45  17
3  48  46  18
3  49  47  19
3  50  48  20
3  51  49  21
3  52  50  22
3  53  51  23
3  54  52  24
3  55  53  25
3  56  54  26
3  57  55  27
3  29  56  28

 60
3   1  29  30
3   2   0  31
3   3   1  32
3   4   2  33
3   5   3  34
3   6   4  35
3   7   5  36
3   8   6  37
3   9   7  38
3  10   8  39
3  11   9  40
3  12  10  41
3  13  11  42
3  14  12  43
3  15  13  44
3  16  14  45
3  17  15  46
3  18  16  47
3  19  17  48
3  20  18  49
3  21  19  50
3  22  20  51
3  23  21  52
3  24  22  53
3  25  23  54
3  26  24  55
3  27  25  56
3  28  26  57
3  29  27  58
3   0  28  59
3  31  59   0
3  32  30   1
3  33  31   2
3  34  32   3
3  35  33   4
3  36  34   5
3  37  35   6
3  38  36   7
3  39  37   8
3  40  38   9
3  41  39  10
3  42  40  11
3  43  41  12
3  44  42  13
3  45  43  14
3  46  44  15
3  47  45  16
3  48  46  17
3  49  47  18
3  50  48  19
3  51  49  20
3  52  50  21
3  53  51  22
3  54  52  23
3  55  53  24
3  56  54  25
3  57  55  26
3  58  56  27
3  59  57  28
3  30  58  29

 62
3   1  30  31
3   2   0  32
3   3   1  33
3   4   2  34
3   5   3  35
3   6   4  36
3   7   5  37
3   8   6  38
3   9   7  39
3  10   8  40
3  11   9  41
3  12  10  42
3  13  11  43
3  14  12  44
3  15  13  45
3  16  14  46
3  17  15  47
3  18  16  48
3  19  17  49
3  20  18  50
3  21  19  51
3  22  20  52
3  23  21  53
3  24  22  54
3  25  23  55
3  26  24  56
3  27  25  57
3  28  26  58
3  29  27  59
3  30  28  60
3   0  29  61
3  32  61   0
3  33  31   1
3  34  32   2
3  35  33   3
3  36  34   4
3  37  35   5
3  38  36   6
3  39  37   7
3  40  38   8
3  41  39   9
3  42  40  10
3  43  41  11
3  44  42  12
3  45  43  13
3  46  44  14
3  47  45  15
3  48  46  16
3  49  47  17
3  50  48  18
3  51  49  19
3  52  50  20
3  53  51  21
3  54  52  22
3  55  53  23
3  56  54  24
3  57  55  25
3  58  56  26
3  59  57  27
3  60  58  28
3  61  59  29
3  31  60  30

 64
3   1  31  32
3   2   0  33
3   3   1  34
3   4   2  35
3   5   3  36
3   6   4  37
3   7   5  38
3   8   6  39
3   9   7  40
3  10   8  41
3  11   9  42
3  12  10  43
3  13  11  44
3  14  12  45
3  15  13  46
3  16  14  47
3  17  15  48
3  18  16  49
3  19  17  50
3  20  18  51
3  21  19  52
3  22  20  53
3  23  21  54
3  24  22  55
3  25  23  56
3  26  24  57
3  27  25  58
3  28  26  59
3  29  27  60
3  30  28  61
3  31  29  62
3   0  30  63
3  33  63   0
3  34  32   1
3  35  33   2
3  36  34   3
3  37  35   4
3  38  36   5
3  39  37   6
3  40  38   7
3  41  39   8
3  42  40   9
3  43  41  10
3  44  42  11
3  45  43  12
3  46  44  13
3  47  45  14
3  48  46  15
3  49  47  16
3  50  48  17
3  51  49  18
3  52  50  19
3  53  51  20
3  54  52  21
3  55  53  22
3  56  54  23
3  57  55  24
3  58  56  25
3  59  57  26
3  60  58  27
3  61  59  28
3  62  60  29
3  63  61  30
3  32  62  31
