11
4   1 2 7 9 
3   0 6 7 
4   0 4 5 10 
2   6 10 
1   2 
1   2 
4   1 3 8 10 
4   0 1 8 10 
2   6 7 
1   0 
4   2 3 6 7 


20
8   1 2 5 7 9 16 17 19 
9   0 2 4 5 8 10 11 14 18 
8   0 1 5 8 9 11 16 18 
8   5 9 12 13 15 16 18 19 
5   1 7 8 17 19 
8   0 1 2 3 11 12 18 19 
7   7 12 14 16 17 18 19 
7   0 4 6 8 13 14 18 
8   1 2 4 7 9 11 17 19 
8   0 2 3 8 10 14 15 18 
5   1 9 13 14 15 
6   1 2 5 8 14 16 
5   3 5 6 13 14 
7   3 7 10 12 14 17 18 
11   1 6 7 9 10 11 12 13 15 16 18 
7   3 9 10 14 16 18 19 
7   0 2 3 6 11 14 15 
6   0 4 6 8 13 18 
11   1 2 3 5 6 7 9 13 14 15 17 
7   0 3 4 5 6 8 15 


40
11   1 2 7 9 16 17 23 24 29 33 37 
10   0 6 14 16 18 20 27 28 31 34 
9   0 10 12 20 26 27 36 38 39 
10   11 12 19 21 27 29 31 35 36 39 
6   8 9 20 25 26 36 
7   13 14 22 25 37 38 39 
8   1 9 13 14 22 31 33 36 
7   0 15 19 24 28 34 35 
7   4 9 10 20 23 24 25 
10   0 4 6 8 11 12 17 19 28 39 
8   2 8 15 21 28 32 33 36 
12   3 9 12 13 14 17 24 28 29 32 35 37 
11   2 3 9 11 15 18 23 26 31 33 34 
9   5 6 11 18 19 22 30 33 38 
14   1 5 6 11 19 20 21 24 25 26 28 32 35 38 
6   7 10 12 23 31 34 
12   0 1 22 23 29 30 31 32 33 35 38 39 
5   0 9 11 20 37 
6   1 12 13 26 27 32 
12   3 7 9 13 14 20 21 22 30 32 38 39 
11   1 2 4 8 14 17 19 21 26 27 38 
7   3 10 14 19 20 31 33 
10   5 6 13 16 19 25 30 32 37 39 
7   0 8 12 15 16 25 27 
8   0 7 8 11 14 26 28 39 
10   4 5 8 14 22 23 28 29 31 33 
10   2 4 12 14 18 20 24 30 34 37 
7   1 2 3 18 20 23 37 
12   1 7 9 10 11 14 24 25 30 31 33 38 
8   0 3 11 16 25 33 35 36 
9   13 16 19 22 26 28 32 33 37 
9   1 3 6 12 15 16 21 25 28 
9   10 11 14 16 18 19 22 30 34 
11   0 6 10 12 13 16 21 25 28 29 30 
6   1 7 12 15 26 32 
6   3 7 11 14 16 29 
7   2 3 4 6 10 29 39 
9   0 5 11 17 22 26 27 30 38 
9   2 5 13 14 16 19 20 28 37 
9   2 3 5 9 16 19 22 24 36 


40
29   1 2 3 5 7 9 12 13 14 15 16 17 19 20 21 22 23 24 27 29 30 31 32 33 34 35 37 38 39 
32   0 3 4 5 6 7 8 9 10 12 13 14 15 16 17 18 20 22 23 24 25 26 27 28 30 31 33 34 35 37 38 39 
25   0 3 7 8 10 11 12 14 16 17 18 19 20 26 27 28 29 30 31 32 34 35 36 38 39 
30   0 1 2 4 5 6 8 10 11 12 13 15 16 17 19 21 22 23 24 26 27 28 29 31 33 34 35 36 38 39 
28   1 3 5 8 9 10 14 15 16 17 18 20 22 24 25 26 27 28 30 31 32 33 34 35 36 37 38 39 
27   0 1 3 4 6 8 9 10 11 13 14 20 21 22 24 25 28 30 31 32 33 34 35 36 37 38 39 
22   1 3 5 9 10 12 13 14 18 21 22 24 25 28 29 30 31 32 33 34 36 37 
28   0 1 2 8 9 10 11 12 13 14 15 16 17 19 20 24 27 28 29 30 31 32 33 34 35 36 38 39 
29   1 2 3 4 5 7 9 10 11 12 13 14 15 16 17 18 19 20 21 22 23 24 25 26 28 29 32 37 39 
26   0 1 4 5 6 7 8 10 11 12 13 15 17 18 19 20 22 24 25 27 28 31 32 36 37 39 
33   1 2 3 4 5 6 7 8 9 11 13 14 15 16 17 18 19 20 21 23 24 25 27 28 31 32 33 34 35 36 37 38 39 
28   2 3 5 7 8 9 10 12 13 14 15 17 18 19 22 23 24 25 26 27 28 29 32 34 35 36 37 38 
29   0 1 2 3 6 7 8 9 11 13 14 15 18 19 20 22 23 24 25 26 27 28 30 31 33 34 35 36 37 
30   0 1 3 5 6 7 8 9 10 11 12 15 17 18 19 20 22 23 24 27 28 29 30 31 32 33 34 36 38 39 
27   0 1 2 4 5 6 7 8 10 11 12 15 16 18 19 20 21 24 25 26 28 32 33 35 36 37 38 
27   0 1 3 4 7 8 9 10 11 12 13 14 16 17 18 19 21 22 23 25 27 28 30 31 32 34 35 
29   0 1 2 3 4 7 8 10 14 15 17 18 20 21 22 23 24 26 28 29 30 31 32 33 34 35 37 38 39 
25   0 1 2 3 4 7 8 9 10 11 13 15 16 19 20 21 24 28 29 32 33 34 35 37 39 
24   1 2 4 6 8 9 10 11 12 13 14 15 16 22 23 25 26 27 29 30 32 33 34 37 
25   0 2 3 7 8 9 10 11 12 13 14 15 17 20 21 22 23 30 32 34 35 36 37 38 39 
29   0 1 2 4 5 7 8 9 10 12 13 14 16 17 19 21 23 24 26 27 29 31 32 33 34 35 37 38 39 
25   0 3 5 6 8 10 14 15 16 17 19 20 23 24 25 26 27 28 29 30 31 33 35 36 39 
28   0 1 3 4 5 6 8 9 11 12 13 15 16 18 19 24 25 27 28 29 30 31 32 35 36 37 38 39 
23   0 1 3 8 10 11 12 13 15 16 18 19 20 21 24 25 27 28 30 32 33 34 38 
29   0 1 3 4 5 6 7 8 9 10 11 12 13 14 16 17 20 21 22 23 26 28 29 30 31 34 37 38 39 
23   1 4 5 6 8 9 10 11 12 14 15 18 21 22 23 26 28 29 30 31 33 37 39 
22   1 2 3 4 8 11 12 14 16 18 20 21 24 25 27 29 30 32 33 34 36 37 
26   0 1 2 3 4 7 9 10 11 12 13 15 18 20 21 22 23 26 29 30 31 32 33 34 36 37 
31   1 2 3 4 5 6 7 8 9 10 11 12 13 14 15 16 17 21 22 23 24 25 30 31 32 33 34 35 36 38 39 
27   0 2 3 6 7 8 11 13 16 17 18 20 21 22 24 25 26 27 30 32 33 34 35 36 37 38 39 
30   0 1 2 4 5 6 7 12 13 15 16 18 19 21 22 23 24 25 26 27 28 29 31 32 33 34 36 37 38 39 
28   0 1 2 3 4 5 6 7 9 10 12 13 15 16 20 21 22 24 25 27 28 30 32 33 34 36 37 38 
31   0 2 4 5 6 7 8 9 10 11 13 14 15 16 17 18 19 20 22 23 26 27 28 29 30 31 34 35 36 37 39 
28   0 1 3 4 5 6 7 10 12 13 14 16 17 18 20 21 23 25 26 27 28 29 30 31 34 35 37 38 
30   0 1 2 3 4 5 6 7 10 11 12 13 15 16 17 18 19 20 23 24 26 27 28 29 30 31 32 33 37 39 
24   0 1 2 3 4 5 7 10 11 12 14 15 16 17 19 20 21 22 28 29 32 33 36 39 
25   2 3 4 5 6 7 9 10 11 12 13 14 19 21 22 26 27 28 29 30 31 32 35 38 39 
29   0 1 4 5 6 8 9 10 11 12 14 16 17 18 19 20 22 24 25 26 27 29 30 31 32 33 34 38 39 
25   0 1 2 3 4 5 7 10 11 13 14 16 19 20 22 23 24 28 29 30 31 33 36 37 39 
28   0 1 2 3 4 5 7 8 9 10 13 16 17 19 20 21 22 24 25 28 29 30 32 34 35 36 37 38 


15
12   1 2 3 4 5 7 8 9 10 12 13 14 
11   0 2 3 4 5 6 7 8 9 10 13 
12   0 1 3 4 5 6 7 8 10 11 12 13 
13   0 1 2 4 5 6 7 8 9 10 12 13 14 
12   0 1 2 3 5 6 7 9 11 12 13 14 
13   0 1 2 3 4 6 7 9 10 11 12 13 14 
10   1 2 3 4 5 7 8 9 10 11 
14   0 1 2 3 4 5 6 8 9 10 11 12 13 14 
12   0 1 2 3 6 7 9 10 11 12 13 14 
12   0 1 3 4 5 6 7 8 10 12 13 14 
13   0 1 2 3 5 6 7 8 9 11 12 13 14 
10   2 4 5 6 7 8 10 12 13 14 
12   0 2 3 4 5 7 8 9 10 11 13 14 
13   0 1 2 3 4 5 7 8 9 10 11 12 14 
11   0 3 4 5 7 8 9 10 11 12 13 


100
6   1 17 45 55 57 97 
6   0 17 27 59 60 71 
4   26 31 74 89 
6   10 60 72 79 83 94 
2   35 77 
5   8 50 51 52 82 
5   23 38 51 85 90 
4   31 34 51 88 
4   5 22 49 77 
3   21 29 75 
7   3 14 17 25 34 39 47 
2   31 85 
4   18 62 66 95 
4   60 64 88 94 
7   10 41 48 49 66 76 79 
3   22 50 80 
4   35 47 79 86 
8   0 1 10 23 24 64 75 88 
6   12 31 45 47 77 91 
2   77 78 
5   24 34 48 70 97 
3   9 44 86 
8   8 15 44 57 61 79 82 95 
5   6 17 37 58 70 
4   17 20 61 93 
5   10 33 47 67 72 
3   2 87 90 
4   1 43 86 90 
8   29 30 38 42 52 63 72 76 
6   9 28 34 43 70 87 
7   28 49 54 66 72 73 74 
7   2 7 11 18 33 92 98 
5   56 66 73 88 97 
8   25 31 60 63 70 73 83 87 
7   7 10 20 29 50 75 85 
8   4 16 40 45 53 84 92 96 
4   44 53 63 67 
5   23 46 62 75 94 
7   6 28 61 75 77 83 92 
4   10 43 49 57 
2   35 70 
3   14 78 88 
4   28 44 47 48 
5   27 29 39 54 94 
4   21 22 36 42 
6   0 18 35 49 76 95 
5   37 83 86 92 94 
7   10 16 18 25 42 92 96 
11   14 20 42 54 55 57 58 63 68 96 97 
8   8 14 30 39 45 59 82 94 
7   5 15 34 83 90 91 98 
8   5 6 7 64 66 76 78 94 
2   5 28 
2   35 36 
3   30 43 48 
3   0 48 93 
2   32 86 
4   0 22 39 48 
6   23 48 65 77 78 87 
6   1 49 64 73 91 98 
6   1 3 13 33 75 83 
5   22 24 38 70 76 
3   12 37 65 
6   28 33 36 48 64 99 
11   13 17 51 59 63 65 69 82 84 88 97 
3   58 62 64 
6   12 14 30 32 51 84 
3   25 36 98 
2   48 75 
2   64 75 
9   20 23 29 33 40 61 75 76 92 
3   1 80 84 
6   3 25 28 30 87 96 
4   30 32 33 59 
6   2 30 81 82 83 99 
10   9 17 34 37 38 60 68 69 70 93 
6   14 28 45 51 61 70 
7   4 8 18 19 38 58 80 
5   19 41 51 58 88 
5   3 14 16 22 92 
4   15 71 77 90 
2   74 82 
6   5 22 49 64 74 81 
7   3 33 38 46 50 60 74 
6   35 64 66 71 89 98 
4   6 11 34 88 
6   16 21 27 46 56 95 
7   26 29 33 58 72 89 93 
8   7 13 17 32 41 64 78 85 
3   2 84 87 
5   6 26 27 50 80 
3   18 50 59 
7   31 35 38 46 47 70 79 
4   24 55 75 87 
7   3 13 37 43 46 49 51 
4   12 22 45 86 
4   35 47 48 72 
5   0 20 32 48 64 
5   31 50 59 67 84 
2   63 74 


200
4   97 116 158 170 
3   105 174 189 
2   70 139 
7   8 36 70 112 129 166 192 
8   23 51 94 140 169 172 180 194 
3   80 134 199 
6   90 94 157 164 192 195 
5   88 127 139 198 199 
6   3 47 58 96 112 142 
5   32 33 69 83 158 
8   46 59 63 84 97 116 137 149 
4   27 74 88 113 
9   14 17 102 110 124 144 148 177 186 
6   26 43 75 98 100 128 
14   12 33 50 74 104 107 114 117 127 131 144 160 185 195 
7   30 43 74 86 98 163 192 
9   27 70 72 78 87 99 105 113 186 
6   12 70 80 94 97 161 
5   19 173 176 182 184 
7   18 68 69 77 110 111 198 
5   25 33 48 60 62 
4   84 121 197 198 
6   47 56 98 132 138 165 
8   4 24 59 65 78 80 93 196 
5   23 29 60 124 159 
7   20 32 49 102 157 175 186 
6   13 70 79 84 96 105 
10   11 16 38 67 90 118 122 138 195 199 
6   56 132 143 167 169 187 
6   24 88 94 110 141 197 
3   15 153 191 
6   68 73 91 115 198 199 
4   9 25 112 185 
7   9 14 20 71 97 126 165 
9   40 43 116 126 129 157 167 172 199 
0   
3   3 165 199 
3   77 80 146 
7   27 88 90 101 137 153 157 
7   41 49 95 101 112 177 197 
8   34 41 65 83 135 158 172 183 
5   39 40 54 146 175 
6   58 126 137 146 148 161 
9   13 15 34 59 96 122 126 155 157 
5   54 126 148 166 181 
5   107 127 138 180 188 
7   10 55 93 96 98 118 170 
7   8 22 60 74 144 164 167 
5   20 57 73 127 130 
7   25 39 142 149 171 177 182 
6   14 65 109 141 178 180 
8   4 64 65 100 143 151 166 195 
2   71 94 
7   78 92 131 159 161 190 191 
5   41 44 142 149 157 
9   46 58 63 113 122 146 160 183 184 
6   22 28 89 90 111 160 
12   48 78 80 105 112 122 128 132 151 156 165 194 
5   8 42 55 83 116 
10   10 23 43 66 77 78 107 159 172 183 
6   20 24 47 169 175 192 
4   88 157 167 187 
8   20 96 105 128 135 147 181 195 
3   10 55 173 
6   51 119 156 158 160 193 
10   23 40 50 51 106 116 118 128 145 155 
6   59 106 116 140 163 194 
2   27 134 
6   19 31 81 93 159 185 
6   9 19 108 118 140 191 
9   2 3 16 17 26 72 95 100 114 
5   33 52 112 129 180 
8   16 70 86 110 155 170 175 181 
5   31 48 125 133 175 
9   11 14 15 47 94 112 146 165 176 
6   13 87 91 153 192 199 
5   83 109 118 119 129 
9   19 37 59 101 106 110 128 135 182 
11   16 23 53 57 59 117 142 163 168 173 174 
3   26 135 183 
6   5 17 23 37 57 143 
9   68 82 84 87 129 137 153 168 193 
1   81 
9   9 40 58 76 88 121 142 151 157 
8   10 21 26 81 90 108 113 188 
7   94 107 121 148 166 179 198 
6   15 72 101 122 184 192 
8   16 75 81 101 138 139 158 163 
11   7 11 29 38 61 83 110 113 127 142 178 
3   56 124 144 
6   6 27 38 56 84 191 
4   31 75 142 165 
5   53 135 146 165 195 
5   23 46 68 96 146 
11   4 6 17 29 52 74 85 106 108 123 173 
3   39 70 107 
8   8 26 43 46 62 93 115 171 
8   0 10 17 33 101 108 109 120 
11   13 15 22 46 114 124 126 141 182 188 191 
5   16 117 131 150 157 
5   13 51 70 180 182 
8   38 39 77 86 87 97 176 198 
7   12 25 121 140 151 156 194 
1   157 
6   14 116 143 146 165 180 
6   1 16 26 57 62 114 
6   65 66 77 94 119 142 
8   14 45 59 85 95 131 135 166 
8   69 84 94 97 124 150 157 169 
4   50 76 97 128 
9   12 19 29 72 77 88 120 153 154 
4   19 56 147 151 
10   3 8 32 39 57 71 74 138 142 147 
7   11 16 55 84 88 160 185 
8   14 70 98 105 122 126 166 172 
4   31 96 165 181 
11   0 10 34 58 65 66 104 149 153 184 186 
5   14 78 99 153 198 
8   27 46 65 69 76 180 189 193 
4   64 76 106 197 
7   97 110 149 160 164 190 196 
5   21 83 85 102 151 
6   27 43 55 57 86 114 
3   94 152 175 
5   12 24 89 98 108 
2   73 130 
8   33 34 42 43 44 98 114 165 
6   7 14 45 48 88 151 
9   13 57 62 65 77 109 134 154 164 
7   3 34 71 76 81 150 188 
7   48 125 141 155 181 187 198 
4   14 53 99 107 
3   22 28 57 
3   73 143 199 
4   5 67 128 178 
8   40 62 77 79 92 107 165 173 
0   
7   10 38 42 81 140 162 179 
6   22 27 45 87 112 154 
3   2 7 87 
5   4 66 69 102 137 
5   29 50 98 130 164 
10   8 49 54 78 83 88 91 106 112 176 
8   28 51 80 104 133 172 180 187 
5   12 14 47 89 151 
1   65 
12   37 41 42 55 74 92 93 104 165 168 183 196 
4   62 111 112 152 
7   12 42 44 85 153 160 193 
6   10 49 54 116 120 172 
5   99 108 129 179 190 
11   51 57 83 102 111 121 127 144 180 185 191 
3   123 147 177 
9   30 38 75 81 110 116 117 148 167 
6   110 128 138 162 179 195 
4   43 65 72 130 
4   57 64 102 181 
13   6 25 34 38 43 54 61 83 99 103 108 165 189 
6   0 9 40 64 87 162 
4   24 53 59 68 
8   14 55 56 64 113 120 148 199 
4   17 42 53 175 
3   137 154 158 
6   15 66 78 87 170 195 
7   6 47 120 128 141 169 196 
13   22 33 36 57 74 91 92 104 115 126 135 146 157 
6   3 44 51 85 107 114 
6   28 34 47 61 153 198 
5   78 81 146 187 194 
6   4 28 60 108 164 171 
5   0 46 72 163 196 
3   49 96 169 
8   4 34 40 59 114 143 149 192 
6   18 63 78 94 135 183 
4   1 78 188 190 
8   25 41 60 72 73 123 161 194 
7   18 74 101 142 183 184 190 
4   12 39 49 152 
4   50 88 134 190 
5   85 137 150 154 192 
9   4 45 50 71 100 104 118 143 151 
6   44 62 72 115 130 156 
5   18 49 77 98 100 
8   40 55 59 79 146 173 176 189 
5   18 55 86 116 176 
6   14 32 68 113 151 188 
5   12 16 25 116 190 
5   28 61 130 143 168 
6   45 84 98 129 174 185 
4   1 118 157 183 
8   53 120 150 174 176 178 186 191 
8   30 53 69 90 98 151 190 196 
9   3 6 15 60 75 86 172 179 196 
4   64 81 118 148 
7   4 57 66 102 168 175 195 
9   6 14 27 51 62 92 154 163 194 
8   23 120 146 164 170 191 192 197 
5   21 29 39 119 196 
9   7 19 21 31 85 101 117 130 167 
9   5 7 27 31 34 36 75 133 160 


200
13   1 7 17 33 45 55 57 97 116 126 158 159 170 
13   0 11 24 29 72 87 105 155 167 174 178 188 189 
11   5 28 62 70 77 93 96 138 139 140 170 
11   8 23 36 58 70 75 109 112 129 166 192 
11   23 51 76 86 94 140 169 172 180 189 194 
7   2 7 80 132 134 155 199 
13   9 38 90 94 118 124 139 157 164 165 182 192 195 
14   0 5 23 30 58 88 127 134 139 152 171 178 198 199 
14   3 21 31 47 58 71 83 96 110 112 117 142 151 156 
12   6 32 33 59 69 83 88 105 132 158 168 195 
11   46 59 63 79 81 84 97 116 137 149 167 
10   1 27 33 59 74 86 88 98 108 113 
16   14 17 43 86 90 101 102 110 114 124 135 144 148 155 177 186 
17   20 22 26 43 64 66 75 80 92 98 99 100 128 137 182 187 193 
17   12 33 43 50 65 74 104 107 114 117 120 127 131 144 160 185 195 
16   30 35 43 55 74 82 86 92 98 107 117 121 138 163 179 192 
15   27 56 70 72 78 83 87 99 105 113 122 155 178 186 188 
8   0 12 70 80 94 97 98 161 
8   19 85 112 131 173 176 182 184 
18   18 41 54 58 68 69 71 72 77 82 103 110 111 124 147 148 159 198 
11   13 25 26 33 48 50 60 62 78 104 132 
7   8 84 118 121 185 197 198 
12   13 29 44 47 56 74 81 98 106 132 138 165 
13   3 4 7 24 59 61 65 78 80 84 93 149 196 
13   1 23 29 60 90 91 107 112 115 124 128 159 168 
12   20 31 32 33 49 68 102 132 157 170 175 186 
9   13 20 70 79 84 96 105 112 116 
15   11 16 38 47 54 67 90 95 96 118 122 138 145 195 199 
14   2 40 56 113 123 132 135 139 143 167 169 174 176 187 
15   1 22 24 47 57 61 68 77 88 94 110 133 141 197 199 
11   7 15 41 44 86 91 107 147 153 176 191 
12   8 25 40 68 73 91 115 122 129 155 198 199 
10   9 25 62 89 104 112 147 174 182 185 
11   0 9 11 14 20 25 71 97 126 156 165 
15   40 43 66 80 116 121 126 129 157 166 167 171 172 198 199 
7   15 59 84 136 144 155 192 
10   3 50 80 100 133 165 167 182 190 199 
8   41 72 77 80 117 146 174 183 
12   6 27 88 90 101 104 132 133 137 153 157 188 
10   41 49 59 76 95 101 112 124 177 197 
17   28 31 34 41 65 80 83 98 111 135 156 158 163 172 175 183 193 
15   19 30 37 39 40 46 54 97 119 124 145 146 172 175 189 
10   58 72 115 126 136 137 146 148 161 193 
13   12 13 14 15 34 59 96 112 122 126 155 157 164 
10   22 30 54 108 111 126 148 166 171 181 
11   0 107 127 131 138 140 142 152 180 183 188 
14   10 41 48 55 56 66 93 96 98 116 117 118 122 170 
13   8 22 27 29 60 74 110 111 144 164 167 180 195 
10   20 46 51 57 73 127 130 140 143 164 
10   25 39 94 116 142 149 152 171 177 182 
14   14 20 36 55 65 77 78 81 109 141 146 152 178 180 
15   4 48 64 65 93 100 116 127 143 149 151 166 168 177 195 
7   63 67 71 94 99 127 162 
11   66 77 78 92 131 159 160 161 177 190 191 
9   19 27 41 44 107 142 149 157 197 
16   0 15 46 50 58 63 97 113 122 137 138 146 160 183 184 194 
12   16 22 28 46 85 89 90 107 111 124 160 188 
17   0 29 48 78 80 103 105 112 122 128 132 137 140 151 156 165 194 
12   3 7 8 19 42 55 81 83 116 132 182 198 
20   9 10 11 23 35 39 43 66 77 78 94 107 123 159 161 169 171 172 183 199 
11   20 24 47 83 89 126 146 151 169 175 192 
10   23 29 65 76 88 113 157 165 167 187 
13   2 20 32 96 105 128 135 145 147 155 168 181 195 
11   10 52 55 108 116 123 146 168 173 183 195 
8   13 51 119 122 156 158 160 193 
17   14 23 40 50 51 61 73 90 101 106 116 118 128 145 149 155 183 
16   13 34 46 53 59 84 97 102 106 108 116 140 163 180 194 197 
5   27 52 98 134 139 
12   19 25 29 31 78 81 86 93 98 148 159 185 
11   9 19 70 81 108 117 118 140 181 191 199 
13   2 3 16 17 26 69 72 94 95 100 114 150 177 
11   8 19 33 52 112 129 150 152 159 170 180 
15   1 16 19 37 42 70 86 106 110 113 155 170 175 181 199 
7   31 48 65 125 133 158 175 
12   11 14 15 22 47 94 112 129 138 146 165 176 
11   3 13 87 91 100 109 153 158 192 196 199 
12   4 39 61 79 83 109 118 119 122 127 129 139 
15   2 19 29 37 50 53 59 101 106 110 123 128 135 182 184 
20   16 20 23 50 53 57 59 68 97 117 126 136 142 156 163 168 173 174 183 193 
7   10 26 76 118 135 145 183 
13   5 13 17 23 34 36 37 40 57 112 116 143 159 
15   10 22 50 58 68 69 82 84 87 118 129 137 153 168 193 
6   15 19 81 108 147 160 
16   8 9 16 40 58 60 76 84 88 121 142 151 157 179 181 189 
15   10 21 23 26 35 66 81 83 90 91 100 108 112 113 188 
13   18 56 89 94 95 107 121 148 149 160 166 179 198 
14   4 11 12 15 30 68 72 101 114 122 174 184 185 192 
14   1 16 75 81 101 105 138 139 150 158 161 163 180 191 
18   7 9 11 29 38 61 83 108 110 113 127 142 145 153 155 157 178 194 
6   32 56 60 85 124 144 
11   6 12 24 27 38 56 65 84 106 191 199 
16   24 30 31 75 84 104 115 125 132 133 135 142 151 163 165 176 
11   13 15 53 135 144 146 159 165 170 187 195 
9   2 23 46 51 68 96 106 146 197 
15   4 6 17 29 49 52 59 70 74 85 106 108 119 123 173 
6   27 39 70 85 107 132 
12   2 8 26 27 43 46 62 93 108 115 171 172 
14   0 10 17 33 41 55 66 78 101 108 109 115 120 172 
17   11 13 15 17 22 40 46 67 68 114 124 126 141 151 182 188 191 
10   13 16 52 117 131 133 144 150 157 195 
11   13 36 51 70 75 84 137 156 180 182 190 
14   12 38 39 65 77 86 87 97 111 118 151 158 176 198 
10   12 25 66 121 140 151 156 158 190 194 
5   19 57 119 157 178 
12   14 20 32 38 91 108 116 143 146 165 180 184 
10   1 9 16 26 57 62 87 114 134 159 
14   22 65 66 72 77 90 93 94 119 136 142 147 153 179 
15   14 15 24 30 45 54 56 59 85 95 131 135 151 166 179 
19   11 44 63 66 69 82 84 88 94 96 97 104 115 120 124 150 157 166 169 
10   3 50 75 76 97 115 128 149 152 163 
17   8 12 19 29 47 72 77 88 115 117 120 132 153 154 161 163 188 
13   19 40 44 47 56 101 120 129 147 151 168 169 182 
19   3 8 18 24 26 32 39 43 57 71 74 80 84 136 138 142 147 169 178 
13   11 16 28 55 61 72 84 88 130 160 182 185 186 
16   12 14 70 86 98 105 120 122 126 136 161 166 168 172 180 199 
12   24 31 42 91 96 97 108 109 110 165 181 196 
18   0 10 26 34 46 49 51 58 63 65 66 80 104 142 149 153 184 186 
14   8 14 15 37 46 69 78 99 110 147 153 171 189 198 
14   6 21 27 46 65 69 76 79 81 101 163 180 189 193 
12   41 64 76 94 103 106 134 139 154 178 189 197 
16   14 97 108 110 111 114 136 140 149 160 164 166 181 188 190 196 
12   15 21 34 83 85 102 126 131 150 151 165 168 
13   16 27 31 43 46 55 57 64 76 86 114 151 190 
11   28 59 63 77 94 126 135 152 168 175 181 
13   6 12 19 24 39 41 56 89 98 108 133 142 152 
5   73 91 130 180 186 
14   0 33 34 42 43 44 60 78 98 114 121 123 127 165 
12   7 14 45 48 51 52 76 88 126 151 160 174 
13   13 24 57 62 65 77 109 134 154 164 167 182 191 
12   3 31 34 71 74 76 81 111 150 158 173 188 
12   48 113 125 141 155 156 168 171 175 181 187 198 
10   14 18 45 53 99 107 121 148 151 185 
15   5 9 20 22 25 28 38 57 58 91 95 110 141 165 188 
11   29 36 38 73 91 99 124 143 146 157 199 
8   5 7 67 105 119 128 167 178 
14   12 28 40 62 77 79 91 92 107 123 137 165 173 178 
12   35 42 78 106 112 114 120 139 144 150 173 197 
12   10 13 38 42 55 57 81 100 135 140 162 179 
11   2 15 22 27 45 55 74 87 112 154 195 
9   2 6 7 28 67 76 87 119 136 
10   2 4 45 48 57 66 69 102 120 137 
8   29 50 98 130 132 164 174 177 
14   8 45 49 54 78 83 88 91 106 112 116 124 176 187 
12   28 48 51 80 104 133 172 180 182 187 188 192 
9   12 14 35 47 89 92 99 136 151 
10   27 41 62 65 79 88 164 166 174 194 
16   37 41 42 50 55 60 63 74 92 93 104 133 165 168 183 196 
14   19 30 32 62 82 106 111 112 117 152 163 169 185 189 
10   12 19 42 44 68 85 131 153 160 193 
11   10 23 49 51 54 65 85 109 116 120 172 
13   70 71 87 99 108 121 129 136 151 164 169 179 190 
20   8 51 57 60 83 91 98 101 102 107 111 121 122 127 131 144 150 180 185 191 
12   7 45 49 50 71 109 123 124 147 169 170 177 
12   30 38 75 81 88 106 110 116 117 148 167 188 
8   110 119 128 138 162 178 179 195 
12   1 5 12 16 31 35 43 62 65 72 88 130 
12   8 33 40 57 64 78 100 102 130 174 181 182 
15   6 25 34 38 43 54 61 83 88 99 103 108 133 165 189 
14   0 9 40 64 73 75 87 101 102 129 162 164 190 191 
10   0 19 24 53 59 68 71 80 92 105 
14   14 53 55 56 64 82 85 113 120 127 148 169 196 199 
9   17 42 53 59 87 110 114 165 175 
6   52 137 154 158 166 187 
13   15 40 66 78 87 91 109 110 118 147 170 175 195 
12   6 43 47 48 120 128 141 145 150 158 169 196 
21   6 22 33 36 57 61 74 91 92 104 115 121 126 132 135 146 157 161 168 181 184 
14   3 34 44 51 85 107 108 114 120 145 162 181 190 198 
12   1 10 28 34 36 47 61 128 134 153 197 198 
17   9 24 51 62 63 78 81 111 114 121 123 130 146 165 169 187 194 
15   4 28 59 60 108 111 112 147 150 152 160 164 168 171 172 
10   0 2 25 46 71 72 92 152 163 196 
9   7 34 44 49 59 96 117 130 169 
14   4 34 40 41 59 96 97 114 143 149 169 186 192 196 
8   18 63 78 94 129 135 136 183 
13   1 28 32 37 78 86 127 141 145 156 187 188 190 
11   25 40 41 60 72 73 123 130 161 163 194 
11   18 28 30 74 91 101 142 183 184 186 190 
9   12 39 49 51 53 70 141 152 181 
12   1 7 16 50 88 103 112 119 134 135 154 190 
9   15 83 85 106 107 137 150 154 192 
14   4 45 47 50 66 71 87 100 104 114 118 125 143 151 
13   44 62 69 72 83 115 120 123 130 156 165 166 177 
15   6 13 18 32 36 49 58 77 98 100 111 113 128 143 156 
13   37 40 45 55 59 63 65 78 79 146 173 176 189 
8   18 55 77 86 104 116 165 176 
10   14 21 32 68 86 113 131 147 151 188 
11   12 16 25 113 116 125 172 176 190 193 194 
12   13 28 61 92 130 142 143 162 168 174 189 193 
15   1 16 38 45 56 84 98 110 120 129 132 143 153 174 185 
12   1 4 41 83 117 118 119 147 157 183 187 192 
14   36 53 100 102 120 122 150 158 166 174 176 178 186 191 
11   30 53 69 87 90 98 128 151 158 190 196 
12   3 6 15 35 60 75 86 143 172 179 189 196 
11   13 40 42 64 78 81 118 148 186 187 195 
11   4 55 57 66 88 102 145 168 175 186 195 
15   6 9 14 27 47 51 62 63 92 99 138 154 163 193 194 
12   23 75 115 120 146 160 164 170 172 191 192 197 
10   21 29 39 54 66 93 119 136 167 196 
12   7 19 21 31 34 58 85 101 117 130 166 167 
15   5 7 27 29 31 34 36 59 69 72 75 90 114 133 160 


450
7   97 116 158 170 304 373 388 
5   18 87 257 337 364 
7   65 87 168 222 372 376 446 
8   30 155 167 227 267 278 362 443 
12   48 123 201 214 218 252 271 292 304 371 418 432 
12   12 101 104 189 197 211 231 235 264 300 317 372 
16   49 90 123 130 133 143 147 160 176 201 244 275 287 299 393 412 
7   14 29 55 205 219 222 326 
9   38 41 47 123 157 251 274 286 288 
10   162 189 240 274 280 307 343 384 399 412 
7   179 214 262 279 387 405 416 
6   35 44 70 176 228 276 
6   5 41 59 131 153 240 
9   18 36 143 144 225 298 351 406 445 
6   7 136 139 167 177 182 
5   69 144 147 317 386 
12   51 68 133 157 199 251 274 288 299 316 329 421 
8   137 148 161 279 283 314 367 439 
12   1 13 47 62 163 174 216 224 283 288 360 403 
10   56 76 79 121 191 194 357 364 386 430 
7   115 148 184 227 235 303 326 
12   28 42 81 109 111 238 245 253 363 401 424 425 
14   46 47 68 117 180 205 222 232 251 265 294 325 358 449 
12   33 34 63 115 139 265 271 288 323 392 402 422 
8   43 52 75 82 142 339 413 420 
9   46 48 170 180 204 227 258 331 422 
9   64 90 144 154 176 238 261 407 424 
9   52 155 170 175 181 302 347 365 418 
11   21 47 109 148 163 199 209 313 331 385 442 
11   7 46 77 78 208 288 346 348 401 417 432 
12   3 37 167 200 221 279 303 308 383 404 417 431 
13   70 106 127 197 219 256 257 276 281 340 343 357 372 
8   47 224 284 307 385 396 415 445 
7   23 36 152 219 258 370 426 
15   23 43 50 51 158 168 170 185 226 232 235 262 276 295 425 
12   11 105 127 148 167 178 221 281 336 363 366 400 
10   13 33 114 137 219 223 254 304 349 399 
10   30 68 101 102 184 263 272 372 397 420 
11   8 52 58 152 204 208 239 291 336 400 409 
9   87 119 130 134 160 166 200 356 379 
9   75 184 243 298 318 328 385 423 446 
8   8 12 51 77 94 243 299 404 
6   21 90 112 129 166 426 
11   24 34 72 80 87 107 233 261 270 330 393 
10   11 99 105 139 176 250 325 352 376 391 
6   104 119 189 214 224 391 
13   22 25 29 144 175 188 189 195 240 334 364 380 449 
19   8 18 22 28 32 58 69 111 121 152 185 214 235 253 261 290 300 378 431 
10   4 25 164 227 228 237 319 334 362 395 
8   6 104 173 217 245 289 296 423 
9   34 91 145 159 285 333 407 435 447 
12   16 34 41 147 174 197 200 224 228 275 294 370 
11   24 27 38 111 194 205 233 303 425 437 438 
6   274 284 285 298 370 428 
8   124 131 137 199 249 273 277 411 
14   7 62 76 96 111 112 170 226 291 357 369 378 397 401 
7   19 286 317 345 364 413 438 
6   125 219 226 319 350 407 
9   38 47 88 115 124 133 318 384 440 
8   12 155 198 205 207 340 390 430 
4   67 135 237 443 
10   72 149 171 174 314 342 354 357 393 402 
13   18 55 81 89 95 133 146 185 221 246 407 436 443 
10   23 223 273 301 303 319 331 366 387 418 
9   26 134 152 257 277 306 337 399 449 
11   2 120 145 207 234 249 260 353 405 421 423 
3   109 302 383 
9   60 92 148 167 181 241 315 379 403 
10   16 22 37 71 112 241 296 309 310 407 
14   15 47 84 88 91 93 98 156 223 235 237 340 360 400 
11   11 31 94 109 134 139 154 196 228 248 350 
5   68 116 169 223 342 
13   43 61 119 181 185 187 210 274 278 302 341 353 396 
5   255 345 407 414 447 
10   76 78 85 120 176 247 258 314 334 380 
13   24 40 81 192 195 250 292 296 302 362 383 410 448 
7   19 55 74 84 153 292 362 
14   29 41 170 182 213 222 228 231 238 244 261 270 323 357 
5   29 74 108 263 272 
7   19 144 241 278 366 378 399 
6   43 81 128 266 278 409 
17   21 62 75 80 115 120 128 135 227 254 263 265 327 341 365 388 410 
5   24 348 393 400 442 
7   87 111 330 368 376 415 423 
9   69 76 93 172 185 204 224 236 285 
9   74 86 118 132 153 210 300 378 443 
4   85 154 176 346 
9   1 2 39 43 83 107 144 281 362 
9   58 69 152 161 172 236 269 354 408 
8   62 94 127 152 186 209 304 402 
8   6 26 42 196 234 249 412 428 
7   50 69 316 324 339 423 441 
7   67 137 171 199 315 316 379 
6   69 84 211 226 270 406 
7   41 70 89 97 112 231 297 
6   62 129 140 229 350 381 
6   55 151 168 216 275 278 
12   0 94 107 213 214 264 270 294 321 366 434 442 
9   69 104 105 143 144 216 247 381 407 
11   44 117 180 201 263 304 313 403 419 423 449 
6   220 253 267 287 301 325 
11   5 37 106 114 167 182 194 220 340 374 378 
16   37 107 108 110 136 141 144 175 181 277 282 301 327 342 368 415 
6   142 216 275 281 414 433 
10   5 45 49 98 113 140 143 212 277 286 
9   35 44 98 245 329 344 372 392 425 
7   31 101 166 216 281 282 372 
14   43 87 97 102 148 173 188 213 262 295 296 316 372 373 
8   78 102 124 155 207 210 244 293 
7   21 28 66 70 114 230 267 
13   102 121 138 141 210 232 259 260 266 291 332 403 416 
12   21 47 52 55 83 165 185 194 291 388 418 420 
11   42 55 68 94 154 166 201 286 322 327 336 
7   104 118 282 287 383 387 445 
14   36 101 109 131 242 260 294 316 327 341 379 394 403 444 
10   20 23 58 81 130 167 185 243 339 437 
10   0 71 144 210 248 258 288 359 395 417 
10   22 99 133 190 199 203 250 255 337 410 
8   85 113 131 140 272 310 322 364 
12   39 45 72 217 264 329 372 373 382 386 395 397 
9   65 74 81 143 156 161 255 338 398 
12   19 47 110 124 248 334 335 396 410 434 440 446 
7   139 159 164 207 364 376 398 
7   4 6 8 220 261 297 413 
12   54 58 108 121 211 214 233 243 262 313 406 415 
7   57 138 169 189 195 310 420 
9   150 157 172 204 278 362 388 393 407 
10   31 35 89 149 241 251 330 337 353 412 
14   80 81 162 198 201 204 207 235 274 302 309 357 371 388 
8   42 95 155 158 303 321 364 407 
8   6 39 115 152 204 231 270 396 
12   12 54 114 118 141 177 234 269 371 393 429 440 
4   85 259 285 366 
8   6 16 58 62 117 194 261 401 
9   39 64 70 142 161 247 296 391 396 
11   60 81 137 139 297 303 325 347 407 416 429 
8   14 102 138 261 300 323 344 405 
12   17 36 54 92 135 139 142 143 157 173 257 283 
7   110 125 136 152 271 305 321 
15   14 23 44 70 122 135 137 167 198 243 262 309 391 430 435 
7   95 104 118 161 208 291 310 
9   102 110 131 171 228 241 322 339 359 
11   24 103 134 137 193 194 258 341 353 403 408 
13   6 13 98 104 120 137 144 165 238 282 311 371 418 
17   13 15 26 46 79 87 98 102 116 143 213 229 272 287 324 348 392 
6   50 65 157 181 312 362 
4   62 246 255 310 
11   6 15 51 196 197 201 240 297 323 325 336 
17   17 20 28 35 67 107 155 189 244 247 264 341 357 376 393 408 426 
8   61 127 198 207 237 250 278 435 
9   126 191 195 199 210 244 261 286 370 
9   96 189 260 299 301 344 377 428 429 
13   33 38 47 64 88 89 130 138 182 210 216 288 382 
6   12 76 85 244 285 426 
13   26 70 86 112 158 186 198 201 208 264 432 433 449 
10   3 27 59 108 129 148 161 221 256 258 
10   69 120 180 306 341 343 362 391 413 443 
12   8 16 126 137 145 183 187 212 277 399 403 413 
9   0 34 129 154 269 347 351 376 440 
5   50 122 269 273 364 
7   6 39 197 339 342 375 440 
13   17 88 120 134 140 155 189 198 263 264 343 352 441 
8   9 128 164 236 292 343 407 417 
5   18 28 294 401 437 
11   48 122 162 166 170 225 267 344 354 402 433 
5   111 143 246 379 429 
13   39 42 106 112 164 185 205 253 260 300 319 380 389 
14   3 14 30 35 67 101 115 139 175 244 315 392 413 435 
7   2 34 96 243 374 375 408 
9   71 125 178 307 335 337 378 401 411 
10   0 25 27 34 55 77 164 398 418 438 
8   61 92 141 203 222 226 274 317 
10   84 88 126 249 281 319 352 392 431 437 
10   49 107 137 192 201 210 237 277 355 392 
5   18 51 61 229 295 
8   27 46 102 167 184 336 417 439 
6   6 11 26 44 74 86 
10   14 131 196 237 248 298 312 354 375 408 
5   35 169 254 260 399 
3   10 242 354 
9   22 25 99 156 249 337 338 373 434 
12   27 67 72 102 145 211 229 307 365 367 393 431 
12   14 77 101 152 183 232 257 289 350 356 360 411 
7   157 182 197 323 338 404 411 
10   20 37 40 175 208 290 324 359 443 449 
14   34 47 62 72 84 111 115 166 194 264 327 330 343 443 
11   89 154 199 203 244 287 299 302 324 365 444 
10   72 157 195 251 262 268 273 372 440 446 
8   46 107 233 258 304 334 370 371 
11   5 9 45 46 125 148 151 161 194 354 355 
10   117 251 261 270 273 313 365 416 420 438 
6   19 150 225 241 279 392 
7   75 173 250 281 365 403 436 
6   142 195 297 356 411 414 
14   19 52 101 111 133 142 185 189 260 286 300 313 349 374 
13   46 75 125 150 187 193 219 319 350 402 408 415 417 
8   70 90 147 177 221 275 318 321 
13   5 31 51 147 160 183 212 241 242 293 306 389 396 
13   59 128 139 149 154 161 238 289 296 352 362 380 449 
10   16 28 54 92 117 150 186 288 375 444 
5   30 39 51 327 434 
13   4 6 99 112 128 147 154 173 253 323 380 396 438 
5   204 211 256 316 399 
8   117 171 186 210 391 417 441 442 
12   25 38 84 126 128 130 202 236 280 366 405 421 
7   7 22 52 59 166 329 426 
2   365 389 
12   59 65 108 122 128 149 222 235 236 316 323 335 
7   29 38 140 154 184 239 259 
6   28 89 229 349 384 410 
13   72 85 108 110 116 150 152 173 203 285 384 428 433 
8   5 93 124 181 202 400 406 412 
8   104 157 197 264 282 302 317 387 
7   77 97 107 144 227 267 370 
10   4 10 45 47 97 124 222 238 355 449 
7   238 257 287 293 305 429 438 
11   18 96 98 103 106 152 219 246 255 268 345 
7   49 119 238 252 284 304 382 
7   4 221 264 293 349 391 428 
10   7 31 33 36 57 195 216 323 418 421 
8   100 101 123 223 265 346 403 416 
12   30 35 62 155 196 218 267 276 300 361 390 445 
11   2 7 22 77 171 207 214 227 256 257 436 
9   36 63 69 71 220 247 249 356 434 
9   18 32 45 51 84 256 269 293 347 
5   13 164 191 237 389 
7   34 55 57 93 171 234 384 
10   3 20 25 48 81 213 222 345 383 405 
15   11 48 51 70 77 141 237 246 248 254 316 331 379 393 424 
8   95 144 174 181 209 302 358 402 
4   109 243 302 383 
6   5 77 94 130 331 404 
11   22 34 110 182 242 245 271 294 357 385 389 
9   43 52 124 188 289 324 333 379 390 
13   65 90 131 226 254 294 300 311 347 389 429 434 435 
10   5 20 34 47 69 128 207 249 317 445 
7   84 88 162 204 207 287 361 
9   48 60 69 149 173 177 225 228 355 
14   21 26 77 143 198 214 215 217 255 294 330 331 392 426 
11   38 208 265 309 314 360 388 423 431 447 448 
7   9 12 46 147 260 385 398 
10   67 68 79 127 141 191 197 423 426 446 
8   114 179 197 232 327 347 410 439 
12   40 41 115 124 139 168 230 287 288 371 392 433 
13   6 77 108 148 150 153 167 186 250 284 298 413 417 
6   21 49 105 232 272 313 
7   62 146 165 216 228 365 385 
10   74 98 134 148 223 345 363 365 423 443 
9   70 116 121 177 228 289 310 381 445 
10   54 65 90 172 180 223 235 285 286 428 
10   44 75 117 149 192 244 270 389 396 448 
10   8 16 22 127 187 190 348 364 419 430 
6   4 217 288 312 408 429 
7   21 47 100 166 201 329 429 
8   36 81 178 228 234 327 382 417 
9   73 117 120 146 216 238 258 281 416 
13   31 155 202 222 224 268 290 291 309 319 342 362 382 
8   1 31 64 137 182 215 222 336 
10   25 33 74 116 142 155 188 255 342 404 
4   110 132 208 402 
9   65 110 114 151 166 178 194 240 338 
10   26 43 47 77 123 133 136 150 190 372 
7   10 34 107 124 139 187 328 
11   37 78 81 99 161 276 281 365 383 413 422 
14   5 97 119 148 154 161 185 212 218 282 286 348 405 411 
10   22 23 81 220 239 306 308 371 415 441 
7   80 110 293 334 390 419 426 
8   3 100 109 164 213 221 349 440 
7   187 216 256 352 361 426 439 
10   88 131 158 159 224 271 302 324 328 406 
9   43 77 93 97 130 190 250 402 438 
8   4 23 138 232 269 300 358 430 
13   37 78 118 144 245 310 360 390 393 394 437 439 446 
10   54 63 159 187 190 294 323 335 346 407 
9   8 9 16 53 72 128 171 363 382 
6   6 51 96 103 196 306 
9   11 31 34 221 263 277 312 348 410 
12   54 64 102 104 157 173 276 378 386 400 420 425 
10   3 72 79 80 96 126 149 309 364 394 
9   10 17 30 191 287 311 356 432 446 
8   9 204 318 344 358 367 420 429 
16   31 35 87 103 106 172 192 255 263 303 385 397 407 427 442 446 
7   102 106 113 143 212 264 284 
6   17 18 137 301 351 406 
6   32 53 217 244 282 370 
9   50 53 84 132 153 210 249 310 333 
11   8 56 104 112 150 194 249 264 289 345 417 
10   6 100 113 144 186 215 236 243 279 365 
13   8 16 18 23 29 116 152 199 243 252 305 338 351 
7   49 182 198 233 248 286 312 
5   47 184 256 336 425 
7   38 55 110 111 140 256 331 
9   4 75 76 162 320 369 378 396 433 
10   108 197 215 218 224 266 312 373 377 410 
11   22 51 97 114 163 232 234 238 273 354 446 
5   34 107 174 374 413 
8   49 68 75 107 134 198 311 317 
8   94 123 135 147 193 324 427 435 
6   13 40 53 177 244 427 
8   6 16 41 151 186 326 369 406 
12   5 47 85 136 166 194 221 234 271 370 384 425 
8   63 100 102 151 283 307 362 404 
12   27 66 72 75 128 186 212 229 230 269 320 382 
10   20 30 52 63 129 135 281 349 355 363 
12   0 4 36 89 99 188 217 335 359 368 399 445 
7   138 215 288 311 397 438 441 
6   64 156 197 265 275 438 
6   9 32 169 181 301 399 
5   30 265 352 401 445 
9   68 128 139 239 256 278 319 377 437 
13   68 118 125 140 146 248 272 285 316 365 420 429 444 
8   143 234 279 296 305 319 366 413 
8   145 177 252 276 289 293 360 435 
9   28 99 124 190 194 245 317 323 402 
9   17 61 74 239 333 335 383 399 448 
5   67 92 167 392 403 
12   16 91 92 107 114 202 207 228 310 359 379 444 
9   5 15 56 171 212 235 296 313 340 
5   40 58 196 280 344 
11   48 57 63 166 172 195 256 309 311 340 411 
7   292 302 326 364 367 402 440 
5   97 129 138 196 357 
5   112 118 141 416 426 
12   23 77 136 147 183 201 207 219 273 313 350 401 
11   91 144 184 186 233 269 297 327 346 397 440 
9   22 44 100 135 147 359 364 421 434 
5   7 20 299 320 438 
13   81 102 112 114 185 200 242 254 324 356 359 384 441 
6   40 262 269 339 346 419 
6   16 105 119 205 253 389 
9   43 83 127 185 238 375 377 391 430 
9   25 28 63 228 231 238 291 366 401 
2   110 382 
6   50 233 285 314 387 417 
7   46 48 74 121 188 266 354 
7   121 169 207 273 304 314 345 
10   35 38 112 147 175 257 290 364 417 418 
6   1 64 117 127 169 180 
6   120 180 183 260 288 412 
8   24 91 115 141 160 328 368 449 
6   31 59 69 101 317 319 
10   72 81 114 142 148 156 375 424 435 445 
7   61 71 102 160 256 258 421 
8   9 31 156 161 162 185 399 440 
8   105 136 151 164 280 318 371 390 
7   56 73 216 227 247 286 335 
8   29 86 220 273 324 328 365 438 
7   27 135 158 224 234 242 446 
6   29 82 144 251 264 276 
9   36 194 209 218 267 303 357 362 438 
7   57 70 95 182 195 323 351 
7   13 158 283 288 350 372 376 
8   44 161 172 198 268 308 393 413 
5   65 72 127 142 356 
10   61 88 164 177 179 189 294 334 423 439 
8   173 189 214 237 303 403 408 431 
8   39 182 193 223 279 327 353 428 
10   19 31 55 61 77 128 148 232 321 349 
5   22 229 271 280 411 
9   116 141 184 304 316 325 327 376 390 
6   18 69 182 239 272 312 
4   221 236 268 425 
17   3 48 75 76 87 126 145 156 198 256 301 349 364 390 391 400 411 
7   21 35 247 274 303 364 383 
16   1 19 46 56 118 122 129 159 251 278 320 325 336 362 363 395 
13   27 81 181 186 190 192 206 246 247 263 287 310 346 
11   35 63 79 97 132 204 311 331 371 414 416 
6   17 181 280 320 385 422 
6   83 102 304 339 392 399 
4   55 292 299 375 
11   33 51 53 150 188 213 284 300 429 439 442 
12   4 128 131 143 188 243 265 344 366 380 408 446 
13   2 5 31 37 105 106 107 119 187 261 351 384 414 
6   0 107 119 180 293 404 
8   101 168 194 295 405 424 432 436 
7   160 168 177 199 330 341 369 
8   2 44 83 122 148 158 351 359 
5   151 293 309 330 409 
8   47 55 79 85 101 169 277 292 
9   39 67 92 114 165 228 233 316 384 
6   46 74 166 198 201 371 
4   95 98 248 425 
8   119 152 217 254 256 274 302 332 
9   30 66 75 113 227 230 263 314 363 
9   9 58 209 210 226 300 327 372 379 
8   28 32 40 232 240 246 281 367 
4   15 19 119 277 
6   10 63 113 212 333 426 
6   0 81 111 126 128 239 
9   166 197 206 225 232 234 250 329 440 
8   59 221 233 266 272 344 359 362 
9   44 45 134 139 156 203 218 330 362 
12   23 105 144 167 172 173 191 238 243 315 368 433 
14   6 43 61 82 126 131 148 181 228 272 352 421 426 449 
4   114 272 278 435 
5   48 116 119 364 426 
9   32 72 121 130 134 197 201 250 292 
7   37 55 119 281 305 324 417 
5   120 122 170 240 431 
12   9 36 64 79 157 178 202 304 307 314 343 368 
8   35 38 69 82 211 277 362 441 
9   21 29 55 133 163 169 308 323 331 
11   23 61 89 164 195 229 259 270 313 320 426 
12   18 67 99 110 114 142 157 192 220 315 355 419 
7   30 41 183 231 258 301 373 
8   10 65 136 204 227 264 374 439 
8   13 93 124 211 269 283 299 434 
13   26 50 57 62 68 73 98 126 129 135 162 273 281 
9   88 142 148 168 177 195 252 355 371 
3   38 80 377 
8   75 81 117 121 209 242 276 293 
9   54 169 182 183 193 264 319 358 362 
9   6 9 90 127 211 338 413 444 446 
14   24 56 123 156 157 167 244 263 295 311 352 412 426 430 
6   73 103 193 366 372 443 
6   32 83 102 124 195 265 
9   10 110 135 190 220 255 322 366 438 
13   29 30 116 162 175 195 203 244 254 286 333 336 397 
9   4 27 63 111 143 170 219 336 448 
5   99 251 266 328 403 
8   24 37 111 125 190 277 280 310 
8   16 65 204 219 325 342 393 428 
5   23 25 263 367 437 
12   40 49 65 83 91 99 239 241 247 354 424 430 
6   21 26 228 341 374 423 
9   21 34 52 105 277 290 300 361 381 
17   33 42 148 153 205 238 241 266 268 322 387 393 395 402 413 443 445 
3   281 297 298 
9   53 90 151 210 218 249 356 421 437 
11   131 135 151 165 215 234 252 253 280 310 370 
8   19 59 139 251 271 330 413 423 
7   30 47 172 181 239 355 398 
6   4 29 154 279 374 435 
8   103 154 164 210 243 292 392 440 
8   97 121 180 200 223 234 325 406 
10   50 139 149 167 234 297 312 341 394 432 
4   62 192 222 374 
8   52 115 163 172 272 309 422 428 
13   52 56 170 190 201 215 270 305 306 326 346 349 416 
8   17 175 242 268 272 354 370 405 
12   58 121 131 158 160 187 267 320 324 343 389 433 
7   91 161 203 265 305 327 400 
6   28 82 97 203 281 370 
10   3 60 62 85 156 184 185 247 414 426 
6   114 186 199 310 316 412 
10   13 32 113 221 235 248 304 308 341 426 
12   2 40 121 187 241 272 279 281 294 347 371 412 
3   50 73 239 
5   75 239 250 314 418 
10   22 46 64 99 154 184 198 214 339 393 


