30
 3  4  7  1 
 3  0  9  2 
 3  1 11  3 
 3  2 13  4 
 3  3  5  0 
 3  4 14  6 
 3  5 17  7 
 3  6  8  0 
 3  7 19  9 
 3  8 10  1 
 3  9 21 11 
 3 10 12  2 
 3 11 23 13 
 3 12 14  3 
 3 13 15  5 
 3 14 24 16 
 3 15 26 17 
 3 16 18  6 
 3 17 27 19 
 3 18 20  8 
 3 19 28 21 
 3 20 22 10 
 3 21 29 23 
 3 22 24 12 
 3 23 25 15 
 3 24 29 26 
 3 25 27 16 
 3 26 28 18 
 3 27 29 20 
 3 28 25 22 

30
 3  4  7  1 
 3  0  9  2 
 3  1 11  3 
 3  2 13  4 
 3  3  5  0 
 3  4 15  6 
 3  5 17  7 
 3  6  8  0 
 3  7 19  9 
 3  8 10  1 
 3  9 21 11 
 3 10 12  2 
 3 11 23 13 
 3 12 14  3 
 3 13 24 15 
 3 14 16  5 
 3 15 26 17 
 3 16 18  6 
 3 17 27 19 
 3 18 20  8 
 3 19 28 21 
 3 20 22 10 
 3 21 29 23 
 3 22 24 12 
 3 23 25 14 
 3 24 29 26 
 3 25 27 16 
 3 26 28 18 
 3 27 29 20 
 3 28 25 22 

30
 3  4  7  1 
 3  0  9  2 
 3  1 11  3 
 3  2 14  4 
 3  3  5  0 
 3  4 16  6 
 3  5 18  7 
 3  6  8  0 
 3  7 20  9 
 3  8 10  1 
 3  9 22 11 
 3 10 12  2 
 3 11 23 13 
 3 12 25 14 
 3 13 15  3 
 3 14 26 16 
 3 15 17  5 
 3 16 27 18 
 3 17 19  6 
 3 18 28 20 
 3 19 21  8 
 3 20 29 22 
 3 21 23 10 
 3 22 24 12 
 3 23 29 25 
 3 24 26 13 
 3 25 27 15 
 3 26 28 17 
 3 27 29 19 
 3 28 24 21 

