42
 3  4  7  1 
 3  0  9  2 
 3  1 11  3 
 3  2 13  4 
 3  3  5  0 
 3  4 15  6 
 3  5 17  7 
 3  6  8  0 
 3  7 19  9 
 3  8 10  1 
 3  9 21 11 
 3 10 12  2 
 3 11 23 13 
 3 12 14  3 
 3 13 25 15 
 3 14 16  5 
 3 15 27 17 
 3 16 18  6 
 3 17 29 19 
 3 18 20  8 
 3 19 31 21 
 3 20 22 10 
 3 21 33 23 
 3 22 24 12 
 3 23 35 25 
 3 24 26 14 
 3 25 36 27 
 3 26 28 16 
 3 27 38 29 
 3 28 30 18 
 3 29 39 31 
 3 30 32 20 
 3 31 40 33 
 3 32 34 22 
 3 33 41 35 
 3 34 36 24 
 3 35 37 26 
 3 36 41 38 
 3 37 39 28 
 3 38 40 30 
 3 39 41 32 
 3 40 37 34 

42
 3  4  7  1 
 3  0  9  2 
 3  1 11  3 
 3  2 13  4 
 3  3  5  0 
 3  4 15  6 
 3  5 18  7 
 3  6  8  0 
 3  7 20  9 
 3  8 10  1 
 3  9 22 11 
 3 10 12  2 
 3 11 24 13 
 3 12 14  3 
 3 13 26 15 
 3 14 16  5 
 3 15 28 17 
 3 16 30 18 
 3 17 19  6 
 3 18 31 20 
 3 19 21  8 
 3 20 33 22 
 3 21 23 10 
 3 22 35 24 
 3 23 25 12 
 3 24 36 26 
 3 25 27 14 
 3 26 38 28 
 3 27 29 16 
 3 28 39 30 
 3 29 31 17 
 3 30 32 19 
 3 31 40 33 
 3 32 34 21 
 3 33 41 35 
 3 34 36 23 
 3 35 37 25 
 3 36 41 38 
 3 37 39 27 
 3 38 40 29 
 3 39 41 32 
 3 40 37 34 

42
 3  4  7  1 
 3  0  9  2 
 3  1 11  3 
 3  2 13  4 
 3  3  5  0 
 3  4 15  6 
 3  5 18  7 
 3  6  8  0 
 3  7 20  9 
 3  8 10  1 
 3  9 22 11 
 3 10 12  2 
 3 11 24 13 
 3 12 14  3 
 3 13 26 15 
 3 14 16  5 
 3 15 28 17 
 3 16 30 18 
 3 17 19  6 
 3 18 32 20 
 3 19 21  8 
 3 20 33 22 
 3 21 23 10 
 3 22 35 24 
 3 23 25 12 
 3 24 36 26 
 3 25 27 14 
 3 26 38 28 
 3 27 29 16 
 3 28 39 30 
 3 29 31 17 
 3 30 40 32 
 3 31 33 19 
 3 32 34 21 
 3 33 41 35 
 3 34 36 23 
 3 35 37 25 
 3 36 41 38 
 3 37 39 27 
 3 38 40 29 
 3 39 41 31 
 3 40 37 34 

42
 3  4  7  1 
 3  0  9  2 
 3  1 11  3 
 3  2 13  4 
 3  3  5  0 
 3  4 15  6 
 3  5 18  7 
 3  6  8  0 
 3  7 20  9 
 3  8 10  1 
 3  9 22 11 
 3 10 12  2 
 3 11 24 13 
 3 12 14  3 
 3 13 26 15 
 3 14 16  5 
 3 15 28 17 
 3 16 30 18 
 3 17 19  6 
 3 18 32 20 
 3 19 21  8 
 3 20 33 22 
 3 21 23 10 
 3 22 35 24 
 3 23 25 12 
 3 24 37 26 
 3 25 27 14 
 3 26 38 28 
 3 27 29 16 
 3 28 39 30 
 3 29 31 17 
 3 30 41 32 
 3 31 33 19 
 3 32 34 21 
 3 33 41 35 
 3 34 36 23 
 3 35 40 37 
 3 36 38 25 
 3 37 39 27 
 3 38 40 29 
 3 39 36 41 
 3 40 34 31 

42
 3  4  7  1 
 3  0  9  2 
 3  1 11  3 
 3  2 13  4 
 3  3  5  0 
 3  4 15  6 
 3  5 18  7 
 3  6  8  0 
 3  7 20  9 
 3  8 10  1 
 3  9 22 11 
 3 10 12  2 
 3 11 24 13 
 3 12 14  3 
 3 13 26 15 
 3 14 16  5 
 3 15 28 17 
 3 16 30 18 
 3 17 19  6 
 3 18 32 20 
 3 19 21  8 
 3 20 34 22 
 3 21 23 10 
 3 22 35 24 
 3 23 25 12 
 3 24 36 26 
 3 25 27 14 
 3 26 38 28 
 3 27 29 16 
 3 28 39 30 
 3 29 31 17 
 3 30 40 32 
 3 31 33 19 
 3 32 41 34 
 3 33 35 21 
 3 34 36 23 
 3 35 37 25 
 3 36 41 38 
 3 37 39 27 
 3 38 40 29 
 3 39 41 31 
 3 40 37 33 

42
 3  4  7  1 
 3  0  9  2 
 3  1 11  3 
 3  2 14  4 
 3  3  5  0 
 3  4 16  6 
 3  5 18  7 
 3  6  8  0 
 3  7 20  9 
 3  8 10  1 
 3  9 22 11 
 3 10 12  2 
 3 11 23 13 
 3 12 26 14 
 3 13 15  3 
 3 14 28 16 
 3 15 17  5 
 3 16 30 18 
 3 17 19  6 
 3 18 32 20 
 3 19 21  8 
 3 20 34 22 
 3 21 23 10 
 3 22 24 12 
 3 23 35 25 
 3 24 37 26 
 3 25 27 13 
 3 26 38 28 
 3 27 29 15 
 3 28 39 30 
 3 29 31 17 
 3 30 40 32 
 3 31 33 19 
 3 32 41 34 
 3 33 35 21 
 3 34 36 24 
 3 35 41 37 
 3 36 38 25 
 3 37 39 27 
 3 38 40 29 
 3 39 41 31 
 3 40 36 33 

42
 3  4  7  1 
 3  0  9  2 
 3  1 11  3 
 3  2 14  4 
 3  3  5  0 
 3  4 16  6 
 3  5 18  7 
 3  6  8  0 
 3  7 20  9 
 3  8 10  1 
 3  9 22 11 
 3 10 12  2 
 3 11 24 13 
 3 12 26 14 
 3 13 15  3 
 3 14 28 16 
 3 15 17  5 
 3 16 29 18 
 3 17 19  6 
 3 18 31 20 
 3 19 21  8 
 3 20 33 22 
 3 21 23 10 
 3 22 35 24 
 3 23 25 12 
 3 24 36 26 
 3 25 27 13 
 3 26 38 28 
 3 27 29 15 
 3 28 30 17 
 3 29 39 31 
 3 30 32 19 
 3 31 40 33 
 3 32 34 21 
 3 33 41 35 
 3 34 36 23 
 3 35 37 25 
 3 36 41 38 
 3 37 39 27 
 3 38 40 30 
 3 39 41 32 
 3 40 37 34 

42
 3  4  7  1 
 3  0  9  2 
 3  1 11  3 
 3  2 14  4 
 3  3  5  0 
 3  4 16  6 
 3  5 18  7 
 3  6  8  0 
 3  7 20  9 
 3  8 10  1 
 3  9 22 11 
 3 10 12  2 
 3 11 24 13 
 3 12 26 14 
 3 13 15  3 
 3 14 28 16 
 3 15 17  5 
 3 16 30 18 
 3 17 19  6 
 3 18 31 20 
 3 19 21  8 
 3 20 33 22 
 3 21 23 10 
 3 22 35 24 
 3 23 25 12 
 3 24 36 26 
 3 25 27 13 
 3 26 38 28 
 3 27 29 15 
 3 28 39 30 
 3 29 31 17 
 3 30 32 19 
 3 31 40 33 
 3 32 34 21 
 3 33 41 35 
 3 34 36 23 
 3 35 37 25 
 3 36 41 38 
 3 37 39 27 
 3 38 40 29 
 3 39 41 32 
 3 40 37 34 

42
 3  4  7  1 
 3  0  9  2 
 3  1 11  3 
 3  2 14  4 
 3  3  5  0 
 3  4 16  6 
 3  5 18  7 
 3  6  8  0 
 3  7 20  9 
 3  8 10  1 
 3  9 22 11 
 3 10 12  2 
 3 11 24 13 
 3 12 26 14 
 3 13 15  3 
 3 14 28 16 
 3 15 17  5 
 3 16 30 18 
 3 17 19  6 
 3 18 32 20 
 3 19 21  8 
 3 20 33 22 
 3 21 23 10 
 3 22 35 24 
 3 23 25 12 
 3 24 36 26 
 3 25 27 13 
 3 26 38 28 
 3 27 29 15 
 3 28 39 30 
 3 29 31 17 
 3 30 40 32 
 3 31 33 19 
 3 32 34 21 
 3 33 41 35 
 3 34 36 23 
 3 35 37 25 
 3 36 41 38 
 3 37 39 27 
 3 38 40 29 
 3 39 41 31 
 3 40 37 34 

42
 3  4  7  1 
 3  0  9  2 
 3  1 11  3 
 3  2 14  4 
 3  3  5  0 
 3  4 16  6 
 3  5 18  7 
 3  6  8  0 
 3  7 20  9 
 3  8 10  1 
 3  9 22 11 
 3 10 12  2 
 3 11 24 13 
 3 12 26 14 
 3 13 15  3 
 3 14 28 16 
 3 15 17  5 
 3 16 30 18 
 3 17 19  6 
 3 18 32 20 
 3 19 21  8 
 3 20 33 22 
 3 21 23 10 
 3 22 35 24 
 3 23 25 12 
 3 24 37 26 
 3 25 27 13 
 3 26 38 28 
 3 27 29 15 
 3 28 39 30 
 3 29 31 17 
 3 30 41 32 
 3 31 33 19 
 3 32 34 21 
 3 33 41 35 
 3 34 36 23 
 3 35 40 37 
 3 36 38 25 
 3 37 39 27 
 3 38 40 29 
 3 39 36 41 
 3 40 34 31 

42
 3  4  7  1 
 3  0  9  2 
 3  1 11  3 
 3  2 14  4 
 3  3  5  0 
 3  4 16  6 
 3  5 18  7 
 3  6  8  0 
 3  7 20  9 
 3  8 10  1 
 3  9 22 11 
 3 10 12  2 
 3 11 24 13 
 3 12 26 14 
 3 13 15  3 
 3 14 28 16 
 3 15 17  5 
 3 16 30 18 
 3 17 19  6 
 3 18 32 20 
 3 19 21  8 
 3 20 34 22 
 3 21 23 10 
 3 22 35 24 
 3 23 25 12 
 3 24 36 26 
 3 25 27 13 
 3 26 38 28 
 3 27 29 15 
 3 28 39 30 
 3 29 31 17 
 3 30 40 32 
 3 31 33 19 
 3 32 41 34 
 3 33 35 21 
 3 34 36 23 
 3 35 37 25 
 3 36 41 38 
 3 37 39 27 
 3 38 40 29 
 3 39 41 31 
 3 40 37 33 

42
 3  4  7  1 
 3  0  9  2 
 3  1 11  3 
 3  2 14  4 
 3  3  5  0 
 3  4 16  6 
 3  5 18  7 
 3  6  8  0 
 3  7 20  9 
 3  8 10  1 
 3  9 22 11 
 3 10 12  2 
 3 11 24 13 
 3 12 26 14 
 3 13 15  3 
 3 14 28 16 
 3 15 17  5 
 3 16 30 18 
 3 17 19  6 
 3 18 32 20 
 3 19 21  8 
 3 20 34 22 
 3 21 23 10 
 3 22 35 24 
 3 23 25 12 
 3 24 37 26 
 3 25 27 13 
 3 26 38 28 
 3 27 29 15 
 3 28 39 30 
 3 29 31 17 
 3 30 40 32 
 3 31 33 19 
 3 32 41 34 
 3 33 35 21 
 3 34 36 23 
 3 35 41 37 
 3 36 38 25 
 3 37 39 27 
 3 38 40 29 
 3 39 41 31 
 3 40 36 33 

42
 3  4  7  1 
 3  0  9  2 
 3  1 11  3 
 3  2 14  4 
 3  3  5  0 
 3  4 16  6 
 3  5 18  7 
 3  6  8  0 
 3  7 20  9 
 3  8 10  1 
 3  9 22 11 
 3 10 12  2 
 3 11 24 13 
 3 12 27 14 
 3 13 15  3 
 3 14 28 16 
 3 15 17  5 
 3 16 30 18 
 3 17 19  6 
 3 18 32 20 
 3 19 21  8 
 3 20 33 22 
 3 21 23 10 
 3 22 35 24 
 3 23 25 12 
 3 24 36 26 
 3 25 38 27 
 3 26 28 13 
 3 27 29 15 
 3 28 39 30 
 3 29 31 17 
 3 30 40 32 
 3 31 33 19 
 3 32 34 21 
 3 33 41 35 
 3 34 36 23 
 3 35 37 25 
 3 36 41 38 
 3 37 39 26 
 3 38 40 29 
 3 39 41 31 
 3 40 37 34 

42
 3  4  7  1 
 3  0  9  2 
 3  1 11  3 
 3  2 14  4 
 3  3  5  0 
 3  4 16  6 
 3  5 19  7 
 3  6  8  0 
 3  7 21  9 
 3  8 10  1 
 3  9 23 11 
 3 10 12  2 
 3 11 25 13 
 3 12 27 14 
 3 13 15  3 
 3 14 28 16 
 3 15 17  5 
 3 16 30 18 
 3 17 32 19 
 3 18 20  6 
 3 19 33 21 
 3 20 22  8 
 3 21 35 23 
 3 22 24 10 
 3 23 36 25 
 3 24 26 12 
 3 25 38 27 
 3 26 28 13 
 3 27 29 15 
 3 28 39 30 
 3 29 31 17 
 3 30 40 32 
 3 31 33 18 
 3 32 34 20 
 3 33 41 35 
 3 34 36 22 
 3 35 37 24 
 3 36 41 38 
 3 37 39 26 
 3 38 40 29 
 3 39 41 31 
 3 40 37 34 

42
 3  4  7  1 
 3  0  9  2 
 3  1 11  3 
 3  2 14  4 
 3  3  5  0 
 3  4 16  6 
 3  5 19  7 
 3  6  8  0 
 3  7 21  9 
 3  8 10  1 
 3  9 23 11 
 3 10 12  2 
 3 11 25 13 
 3 12 27 14 
 3 13 15  3 
 3 14 28 16 
 3 15 17  5 
 3 16 30 18 
 3 17 32 19 
 3 18 20  6 
 3 19 33 21 
 3 20 22  8 
 3 21 35 23 
 3 22 24 10 
 3 23 37 25 
 3 24 26 12 
 3 25 38 27 
 3 26 28 13 
 3 27 29 15 
 3 28 39 30 
 3 29 31 17 
 3 30 41 32 
 3 31 33 18 
 3 32 34 20 
 3 33 41 35 
 3 34 36 22 
 3 35 40 37 
 3 36 38 24 
 3 37 39 26 
 3 38 40 29 
 3 39 36 41 
 3 40 34 31 

42
 3  4  7  1 
 3  0  9  2 
 3  1 11  3 
 3  2 14  4 
 3  3  5  0 
 3  4 16  6 
 3  5 19  7 
 3  6  8  0 
 3  7 21  9 
 3  8 10  1 
 3  9 23 11 
 3 10 12  2 
 3 11 25 13 
 3 12 27 14 
 3 13 15  3 
 3 14 28 16 
 3 15 17  5 
 3 16 30 18 
 3 17 32 19 
 3 18 20  6 
 3 19 34 21 
 3 20 22  8 
 3 21 35 23 
 3 22 24 10 
 3 23 36 25 
 3 24 26 12 
 3 25 38 27 
 3 26 28 13 
 3 27 29 15 
 3 28 39 30 
 3 29 31 17 
 3 30 40 32 
 3 31 33 18 
 3 32 41 34 
 3 33 35 20 
 3 34 36 22 
 3 35 37 24 
 3 36 41 38 
 3 37 39 26 
 3 38 40 29 
 3 39 41 31 
 3 40 37 33 

42
 3  4  7  1 
 3  0  9  2 
 3  1 11  3 
 3  2 14  4 
 3  3  5  0 
 3  4 16  6 
 3  5 19  7 
 3  6  8  0 
 3  7 21  9 
 3  8 10  1 
 3  9 23 11 
 3 10 12  2 
 3 11 25 13 
 3 12 27 14 
 3 13 15  3 
 3 14 28 16 
 3 15 17  5 
 3 16 30 18 
 3 17 32 19 
 3 18 20  6 
 3 19 34 21 
 3 20 22  8 
 3 21 35 23 
 3 22 24 10 
 3 23 37 25 
 3 24 26 12 
 3 25 38 27 
 3 26 28 13 
 3 27 29 15 
 3 28 39 30 
 3 29 31 17 
 3 30 40 32 
 3 31 33 18 
 3 32 41 34 
 3 33 35 20 
 3 34 36 22 
 3 35 41 37 
 3 36 38 24 
 3 37 39 26 
 3 38 40 29 
 3 39 41 31 
 3 40 36 33 

42
 3  4  7  1 
 3  0  9  2 
 3  1 11  3 
 3  2 14  4 
 3  3  5  0 
 3  4 16  6 
 3  5 19  7 
 3  6  8  0 
 3  7 21  9 
 3  8 10  1 
 3  9 23 11 
 3 10 12  2 
 3 11 25 13 
 3 12 27 14 
 3 13 15  3 
 3 14 28 16 
 3 15 17  5 
 3 16 30 18 
 3 17 32 19 
 3 18 20  6 
 3 19 34 21 
 3 20 22  8 
 3 21 35 23 
 3 22 24 10 
 3 23 37 25 
 3 24 26 12 
 3 25 39 27 
 3 26 28 13 
 3 27 29 15 
 3 28 39 30 
 3 29 31 17 
 3 30 40 32 
 3 31 33 18 
 3 32 41 34 
 3 33 35 20 
 3 34 36 22 
 3 35 41 37 
 3 36 38 24 
 3 37 40 39 
 3 38 29 26 
 3 38 41 31 
 3 40 36 33 

42
 3  4  7  1 
 3  0  9  2 
 3  1 11  3 
 3  2 14  4 
 3  3  5  0 
 3  4 16  6 
 3  5 19  7 
 3  6  8  0 
 3  7 21  9 
 3  8 10  1 
 3  9 23 11 
 3 10 12  2 
 3 11 25 13 
 3 12 27 14 
 3 13 15  3 
 3 14 29 16 
 3 15 17  5 
 3 16 30 18 
 3 17 32 19 
 3 18 20  6 
 3 19 33 21 
 3 20 22  8 
 3 21 35 23 
 3 22 24 10 
 3 23 36 25 
 3 24 26 12 
 3 25 38 27 
 3 26 28 13 
 3 27 39 29 
 3 28 30 15 
 3 29 31 17 
 3 30 40 32 
 3 31 33 18 
 3 32 34 20 
 3 33 41 35 
 3 34 36 22 
 3 35 37 24 
 3 36 41 38 
 3 37 39 26 
 3 38 40 28 
 3 39 41 31 
 3 40 37 34 

42
 3  4  7  1 
 3  0  9  2 
 3  1 11  3 
 3  2 14  4 
 3  3  5  0 
 3  4 16  6 
 3  5 19  7 
 3  6  8  0 
 3  7 21  9 
 3  8 10  1 
 3  9 23 11 
 3 10 12  2 
 3 11 25 13 
 3 12 27 14 
 3 13 15  3 
 3 14 29 16 
 3 15 17  5 
 3 16 30 18 
 3 17 32 19 
 3 18 20  6 
 3 19 34 21 
 3 20 22  8 
 3 21 35 23 
 3 22 24 10 
 3 23 37 25 
 3 24 26 12 
 3 25 38 27 
 3 26 28 13 
 3 27 39 29 
 3 28 30 15 
 3 29 31 17 
 3 30 40 32 
 3 31 33 18 
 3 32 41 34 
 3 33 35 20 
 3 34 36 22 
 3 35 41 37 
 3 36 38 24 
 3 37 39 26 
 3 38 40 28 
 3 39 41 31 
 3 40 36 33 

42
 3  4  7  1 
 3  0  9  2 
 3  1 11  3 
 3  2 14  4 
 3  3  5  0 
 3  4 16  6 
 3  5 19  7 
 3  6  8  0 
 3  7 21  9 
 3  8 10  1 
 3  9 23 11 
 3 10 12  2 
 3 11 25 13 
 3 12 27 14 
 3 13 15  3 
 3 14 29 16 
 3 15 17  5 
 3 16 30 18 
 3 17 33 19 
 3 18 20  6 
 3 19 34 21 
 3 20 22  8 
 3 21 36 23 
 3 22 24 10 
 3 23 37 25 
 3 24 26 12 
 3 25 39 27 
 3 26 28 13 
 3 27 40 29 
 3 28 30 15 
 3 29 31 17 
 3 30 40 32 
 3 31 41 33 
 3 32 34 18 
 3 33 35 20 
 3 34 41 36 
 3 35 37 22 
 3 36 38 24 
 3 37 41 39 
 3 38 40 26 
 3 39 31 28 
 3 38 35 32 

42
 3  4  7  1 
 3  0  9  2 
 3  1 12  3 
 3  2 14  4 
 3  3  5  0 
 3  4 16  6 
 3  5 18  7 
 3  6  8  0 
 3  7 20  9 
 3  8 10  1 
 3  9 21 11 
 3 10 24 12 
 3 11 13  2 
 3 12 26 14 
 3 13 15  3 
 3 14 28 16 
 3 15 17  5 
 3 16 30 18 
 3 17 19  6 
 3 18 32 20 
 3 19 21  8 
 3 20 22 10 
 3 21 33 23 
 3 22 35 24 
 3 23 25 11 
 3 24 36 26 
 3 25 27 13 
 3 26 38 28 
 3 27 29 15 
 3 28 39 30 
 3 29 31 17 
 3 30 40 32 
 3 31 33 19 
 3 32 34 22 
 3 33 41 35 
 3 34 36 23 
 3 35 37 25 
 3 36 41 38 
 3 37 39 27 
 3 38 40 29 
 3 39 41 31 
 3 40 37 34 

42
 3  4  7  1 
 3  0  9  2 
 3  1 12  3 
 3  2 14  4 
 3  3  5  0 
 3  4 16  6 
 3  5 18  7 
 3  6  8  0 
 3  7 20  9 
 3  8 10  1 
 3  9 22 11 
 3 10 24 12 
 3 11 13  2 
 3 12 26 14 
 3 13 15  3 
 3 14 28 16 
 3 15 17  5 
 3 16 30 18 
 3 17 19  6 
 3 18 31 20 
 3 19 21  8 
 3 20 33 22 
 3 21 23 10 
 3 22 35 24 
 3 23 25 11 
 3 24 36 26 
 3 25 27 13 
 3 26 38 28 
 3 27 29 15 
 3 28 39 30 
 3 29 31 17 
 3 30 32 19 
 3 31 40 33 
 3 32 34 21 
 3 33 41 35 
 3 34 36 23 
 3 35 37 25 
 3 36 41 38 
 3 37 39 27 
 3 38 40 29 
 3 39 41 32 
 3 40 37 34 

42
 3  4  7  1 
 3  0  9  2 
 3  1 12  3 
 3  2 14  4 
 3  3  5  0 
 3  4 16  6 
 3  5 18  7 
 3  6  8  0 
 3  7 20  9 
 3  8 10  1 
 3  9 22 11 
 3 10 24 12 
 3 11 13  2 
 3 12 26 14 
 3 13 15  3 
 3 14 28 16 
 3 15 17  5 
 3 16 30 18 
 3 17 19  6 
 3 18 32 20 
 3 19 21  8 
 3 20 33 22 
 3 21 23 10 
 3 22 35 24 
 3 23 25 11 
 3 24 36 26 
 3 25 27 13 
 3 26 38 28 
 3 27 29 15 
 3 28 39 30 
 3 29 31 17 
 3 30 40 32 
 3 31 33 19 
 3 32 34 21 
 3 33 41 35 
 3 34 36 23 
 3 35 37 25 
 3 36 41 38 
 3 37 39 27 
 3 38 40 29 
 3 39 41 31 
 3 40 37 34 

42
 3  4  7  1 
 3  0  9  2 
 3  1 12  3 
 3  2 14  4 
 3  3  5  0 
 3  4 16  6 
 3  5 18  7 
 3  6  8  0 
 3  7 20  9 
 3  8 10  1 
 3  9 22 11 
 3 10 24 12 
 3 11 13  2 
 3 12 26 14 
 3 13 15  3 
 3 14 28 16 
 3 15 17  5 
 3 16 30 18 
 3 17 19  6 
 3 18 32 20 
 3 19 21  8 
 3 20 34 22 
 3 21 23 10 
 3 22 35 24 
 3 23 25 11 
 3 24 37 26 
 3 25 27 13 
 3 26 38 28 
 3 27 29 15 
 3 28 39 30 
 3 29 31 17 
 3 30 40 32 
 3 31 33 19 
 3 32 41 34 
 3 33 35 21 
 3 34 36 23 
 3 35 41 37 
 3 36 38 25 
 3 37 39 27 
 3 38 40 29 
 3 39 41 31 
 3 40 36 33 

42
 3  4  7  1 
 3  0  9  2 
 3  1 12  3 
 3  2 14  4 
 3  3  5  0 
 3  4 16  6 
 3  5 18  7 
 3  6  8  0 
 3  7 20  9 
 3  8 10  1 
 3  9 22 11 
 3 10 25 12 
 3 11 13  2 
 3 12 26 14 
 3 13 15  3 
 3 14 28 16 
 3 15 17  5 
 3 16 30 18 
 3 17 19  6 
 3 18 32 20 
 3 19 21  8 
 3 20 34 22 
 3 21 23 10 
 3 22 35 24 
 3 23 37 25 
 3 24 26 11 
 3 25 27 13 
 3 26 38 28 
 3 27 29 15 
 3 28 39 30 
 3 29 31 17 
 3 30 40 32 
 3 31 33 19 
 3 32 41 34 
 3 33 35 21 
 3 34 36 23 
 3 35 41 37 
 3 36 38 24 
 3 37 39 27 
 3 38 40 29 
 3 39 41 31 
 3 40 36 33 

42
 3  4  7  1 
 3  0  9  2 
 3  1 12  3 
 3  2 14  4 
 3  3  5  0 
 3  4 16  6 
 3  5 18  7 
 3  6  8  0 
 3  7 20  9 
 3  8 10  1 
 3  9 22 11 
 3 10 25 12 
 3 11 13  2 
 3 12 27 14 
 3 13 15  3 
 3 14 28 16 
 3 15 17  5 
 3 16 30 18 
 3 17 19  6 
 3 18 32 20 
 3 19 21  8 
 3 20 34 22 
 3 21 23 10 
 3 22 35 24 
 3 23 37 25 
 3 24 26 11 
 3 25 38 27 
 3 26 28 13 
 3 27 29 15 
 3 28 39 30 
 3 29 31 17 
 3 30 40 32 
 3 31 33 19 
 3 32 41 34 
 3 33 35 21 
 3 34 36 23 
 3 35 41 37 
 3 36 38 24 
 3 37 39 26 
 3 38 40 29 
 3 39 41 31 
 3 40 36 33 

42
 3  4  7  1 
 3  0  9  2 
 3  1 12  3 
 3  2 14  4 
 3  3  5  0 
 3  4 16  6 
 3  5 19  7 
 3  6  8  0 
 3  7 21  9 
 3  8 10  1 
 3  9 23 11 
 3 10 25 12 
 3 11 13  2 
 3 12 26 14 
 3 13 15  3 
 3 14 28 16 
 3 15 17  5 
 3 16 30 18 
 3 17 32 19 
 3 18 20  6 
 3 19 33 21 
 3 20 22  8 
 3 21 35 23 
 3 22 24 10 
 3 23 37 25 
 3 24 26 11 
 3 25 27 13 
 3 26 38 28 
 3 27 29 15 
 3 28 39 30 
 3 29 31 17 
 3 30 41 32 
 3 31 33 18 
 3 32 34 20 
 3 33 41 35 
 3 34 36 22 
 3 35 40 37 
 3 36 38 24 
 3 37 39 27 
 3 38 40 29 
 3 39 36 41 
 3 40 34 31 

42
 3  4  7  1 
 3  0  9  2 
 3  1 12  3 
 3  2 14  4 
 3  3  5  0 
 3  4 16  6 
 3  5 19  7 
 3  6  8  0 
 3  7 21  9 
 3  8 10  1 
 3  9 23 11 
 3 10 25 12 
 3 11 13  2 
 3 12 27 14 
 3 13 15  3 
 3 14 28 16 
 3 15 17  5 
 3 16 30 18 
 3 17 32 19 
 3 18 20  6 
 3 19 33 21 
 3 20 22  8 
 3 21 35 23 
 3 22 24 10 
 3 23 36 25 
 3 24 26 11 
 3 25 38 27 
 3 26 28 13 
 3 27 29 15 
 3 28 39 30 
 3 29 31 17 
 3 30 40 32 
 3 31 33 18 
 3 32 34 20 
 3 33 41 35 
 3 34 36 22 
 3 35 37 24 
 3 36 41 38 
 3 37 39 26 
 3 38 40 29 
 3 39 41 31 
 3 40 37 34 

42
 3  4  7  1 
 3  0  9  2 
 3  1 12  3 
 3  2 14  4 
 3  3  5  0 
 3  4 16  6 
 3  5 19  7 
 3  6  8  0 
 3  7 21  9 
 3  8 10  1 
 3  9 23 11 
 3 10 25 12 
 3 11 13  2 
 3 12 27 14 
 3 13 15  3 
 3 14 28 16 
 3 15 17  5 
 3 16 30 18 
 3 17 32 19 
 3 18 20  6 
 3 19 33 21 
 3 20 22  8 
 3 21 35 23 
 3 22 24 10 
 3 23 37 25 
 3 24 26 11 
 3 25 38 27 
 3 26 28 13 
 3 27 29 15 
 3 28 39 30 
 3 29 31 17 
 3 30 41 32 
 3 31 33 18 
 3 32 34 20 
 3 33 41 35 
 3 34 36 22 
 3 35 40 37 
 3 36 38 24 
 3 37 39 26 
 3 38 40 29 
 3 39 36 41 
 3 40 34 31 

42
 3  4  7  1 
 3  0  9  2 
 3  1 12  3 
 3  2 14  4 
 3  3  5  0 
 3  4 16  6 
 3  5 19  7 
 3  6  8  0 
 3  7 21  9 
 3  8 10  1 
 3  9 23 11 
 3 10 25 12 
 3 11 13  2 
 3 12 27 14 
 3 13 15  3 
 3 14 28 16 
 3 15 17  5 
 3 16 30 18 
 3 17 32 19 
 3 18 20  6 
 3 19 34 21 
 3 20 22  8 
 3 21 35 23 
 3 22 24 10 
 3 23 37 25 
 3 24 26 11 
 3 25 38 27 
 3 26 28 13 
 3 27 29 15 
 3 28 39 30 
 3 29 31 17 
 3 30 40 32 
 3 31 33 18 
 3 32 41 34 
 3 33 35 20 
 3 34 36 22 
 3 35 41 37 
 3 36 38 24 
 3 37 39 26 
 3 38 40 29 
 3 39 41 31 
 3 40 36 33 

42
 3  4  7  1 
 3  0  9  2 
 3  1 12  3 
 3  2 14  4 
 3  3  5  0 
 3  4 16  6 
 3  5 19  7 
 3  6  8  0 
 3  7 21  9 
 3  8 10  1 
 3  9 23 11 
 3 10 25 12 
 3 11 13  2 
 3 12 27 14 
 3 13 15  3 
 3 14 29 16 
 3 15 17  5 
 3 16 30 18 
 3 17 32 19 
 3 18 20  6 
 3 19 33 21 
 3 20 22  8 
 3 21 35 23 
 3 22 24 10 
 3 23 36 25 
 3 24 26 11 
 3 25 38 27 
 3 26 28 13 
 3 27 39 29 
 3 28 30 15 
 3 29 31 17 
 3 30 40 32 
 3 31 33 18 
 3 32 34 20 
 3 33 41 35 
 3 34 36 22 
 3 35 37 24 
 3 36 41 38 
 3 37 39 26 
 3 38 40 28 
 3 39 41 31 
 3 40 37 34 

42
 3  4  7  1 
 3  0  9  2 
 3  1 12  3 
 3  2 14  4 
 3  3  5  0 
 3  4 16  6 
 3  5 19  7 
 3  6  8  0 
 3  7 21  9 
 3  8 10  1 
 3  9 23 11 
 3 10 25 12 
 3 11 13  2 
 3 12 27 14 
 3 13 15  3 
 3 14 29 16 
 3 15 17  5 
 3 16 30 18 
 3 17 32 19 
 3 18 20  6 
 3 19 34 21 
 3 20 22  8 
 3 21 35 23 
 3 22 24 10 
 3 23 37 25 
 3 24 26 11 
 3 25 38 27 
 3 26 28 13 
 3 27 39 29 
 3 28 30 15 
 3 29 31 17 
 3 30 40 32 
 3 31 33 18 
 3 32 41 34 
 3 33 35 20 
 3 34 36 22 
 3 35 41 37 
 3 36 38 24 
 3 37 39 26 
 3 38 40 28 
 3 39 41 31 
 3 40 36 33 

42
 3  4  7  1 
 3  0  9  2 
 3  1 12  3 
 3  2 14  4 
 3  3  5  0 
 3  4 16  6 
 3  5 19  7 
 3  6  8  0 
 3  7 21  9 
 3  8 10  1 
 3  9 23 11 
 3 10 25 12 
 3 11 13  2 
 3 12 27 14 
 3 13 15  3 
 3 14 29 16 
 3 15 17  5 
 3 16 30 18 
 3 17 32 19 
 3 18 20  6 
 3 19 34 21 
 3 20 22  8 
 3 21 35 23 
 3 22 24 10 
 3 23 37 25 
 3 24 26 11 
 3 25 38 27 
 3 26 28 13 
 3 27 40 29 
 3 28 30 15 
 3 29 31 17 
 3 30 40 32 
 3 31 33 18 
 3 32 41 34 
 3 33 35 20 
 3 34 36 22 
 3 35 41 37 
 3 36 38 24 
 3 37 39 26 
 3 38 41 40 
 3 39 31 28 
 3 39 36 33 

42
 3  4  7  1 
 3  0  9  2 
 3  1 12  3 
 3  2 14  4 
 3  3  5  0 
 3  4 16  6 
 3  5 19  7 
 3  6  8  0 
 3  7 21  9 
 3  8 10  1 
 3  9 23 11 
 3 10 25 12 
 3 11 13  2 
 3 12 27 14 
 3 13 15  3 
 3 14 29 16 
 3 15 17  5 
 3 16 30 18 
 3 17 33 19 
 3 18 20  6 
 3 19 34 21 
 3 20 22  8 
 3 21 35 23 
 3 22 24 10 
 3 23 37 25 
 3 24 26 11 
 3 25 38 27 
 3 26 28 13 
 3 27 40 29 
 3 28 30 15 
 3 29 31 17 
 3 30 40 32 
 3 31 41 33 
 3 32 34 18 
 3 33 35 20 
 3 34 36 22 
 3 35 41 37 
 3 36 38 24 
 3 37 39 26 
 3 38 41 40 
 3 39 31 28 
 3 39 36 32 

42
 3  4  7  1 
 3  0  9  2 
 3  1 12  3 
 3  2 14  4 
 3  3  5  0 
 3  4 16  6 
 3  5 19  7 
 3  6  8  0 
 3  7 21  9 
 3  8 10  1 
 3  9 23 11 
 3 10 25 12 
 3 11 13  2 
 3 12 27 14 
 3 13 15  3 
 3 14 29 16 
 3 15 17  5 
 3 16 31 18 
 3 17 33 19 
 3 18 20  6 
 3 19 34 21 
 3 20 22  8 
 3 21 35 23 
 3 22 24 10 
 3 23 37 25 
 3 24 26 11 
 3 25 38 27 
 3 26 28 13 
 3 27 39 29 
 3 28 30 15 
 3 29 40 31 
 3 30 32 17 
 3 31 41 33 
 3 32 34 18 
 3 33 35 20 
 3 34 36 22 
 3 35 41 37 
 3 36 38 24 
 3 37 39 26 
 3 38 40 28 
 3 39 41 30 
 3 40 36 32 

42
 3  4  7  1 
 3  0  9  2 
 3  1 12  3 
 3  2 14  4 
 3  3  5  0 
 3  4 16  6 
 3  5 19  7 
 3  6  8  0 
 3  7 21  9 
 3  8 10  1 
 3  9 23 11 
 3 10 26 12 
 3 11 13  2 
 3 12 27 14 
 3 13 15  3 
 3 14 29 16 
 3 15 17  5 
 3 16 31 18 
 3 17 33 19 
 3 18 20  6 
 3 19 34 21 
 3 20 22  8 
 3 21 35 23 
 3 22 24 10 
 3 23 37 25 
 3 24 39 26 
 3 25 27 11 
 3 26 28 13 
 3 27 39 29 
 3 28 30 15 
 3 29 40 31 
 3 30 32 17 
 3 31 41 33 
 3 32 34 18 
 3 33 35 20 
 3 34 36 22 
 3 35 41 37 
 3 36 38 24 
 3 37 40 39 
 3 38 28 25 
 3 38 41 30 
 3 40 36 32 

42
 3  4  7  1 
 3  0  9  2 
 3  1 12  3 
 3  2 14  4 
 3  3  5  0 
 3  4 16  6 
 3  5 19  7 
 3  6  8  0 
 3  7 21  9 
 3  8 10  1 
 3  9 23 11 
 3 10 26 12 
 3 11 13  2 
 3 12 27 14 
 3 13 15  3 
 3 14 29 16 
 3 15 17  5 
 3 16 31 18 
 3 17 34 19 
 3 18 20  6 
 3 19 35 21 
 3 20 22  8 
 3 21 36 23 
 3 22 24 10 
 3 23 38 25 
 3 24 41 26 
 3 25 27 11 
 3 26 28 13 
 3 27 41 29 
 3 28 30 15 
 3 29 40 31 
 3 30 32 17 
 3 31 39 33 
 3 32 37 34 
 3 33 35 18 
 3 34 36 20 
 3 35 37 22 
 3 36 33 38 
 3 37 39 24 
 3 38 32 40 
 3 39 30 41 
 3 40 28 25 

42
 3  4  7  1 
 3  0  9  2 
 3  1 12  3 
 3  2 15  4 
 3  3  5  0 
 3  4 17  6 
 3  5 20  7 
 3  6  8  0 
 3  7 22  9 
 3  8 10  1 
 3  9 24 11 
 3 10 26 12 
 3 11 13  2 
 3 12 27 14 
 3 13 29 15 
 3 14 16  3 
 3 15 30 17 
 3 16 18  5 
 3 17 32 19 
 3 18 34 20 
 3 19 21  6 
 3 20 35 22 
 3 21 23  8 
 3 22 36 24 
 3 23 25 10 
 3 24 38 26 
 3 25 27 11 
 3 26 28 13 
 3 27 39 29 
 3 28 30 14 
 3 29 31 16 
 3 30 40 32 
 3 31 33 18 
 3 32 41 34 
 3 33 35 19 
 3 34 36 21 
 3 35 37 23 
 3 36 41 38 
 3 37 39 25 
 3 38 40 28 
 3 39 41 31 
 3 40 37 33 

42
 3  4  7  1 
 3  0  9  2 
 3  1 12  3 
 3  2 15  4 
 3  3  5  0 
 3  4 17  6 
 3  5 20  7 
 3  6  8  0 
 3  7 22  9 
 3  8 10  1 
 3  9 24 11 
 3 10 26 12 
 3 11 13  2 
 3 12 27 14 
 3 13 29 15 
 3 14 16  3 
 3 15 31 17 
 3 16 18  5 
 3 17 32 19 
 3 18 35 20 
 3 19 21  6 
 3 20 36 22 
 3 21 23  8 
 3 22 37 24 
 3 23 25 10 
 3 24 39 26 
 3 25 27 11 
 3 26 28 13 
 3 27 40 29 
 3 28 30 14 
 3 29 41 31 
 3 30 32 16 
 3 31 33 18 
 3 32 41 34 
 3 33 38 35 
 3 34 36 19 
 3 35 37 21 
 3 36 38 23 
 3 37 34 39 
 3 38 40 25 
 3 39 41 28 
 3 40 33 30 

42
 3  4  7  1 
 3  0 10  2 
 3  1 12  3 
 3  2 15  4 
 3  3  5  0 
 3  4 17  6 
 3  5 19  7 
 3  6  8  0 
 3  7 21  9 
 3  8 23 10 
 3  9 11  1 
 3 10 24 12 
 3 11 13  2 
 3 12 26 14 
 3 13 29 15 
 3 14 16  3 
 3 15 30 17 
 3 16 18  5 
 3 17 32 19 
 3 18 20  6 
 3 19 34 21 
 3 20 22  8 
 3 21 36 23 
 3 22 24  9 
 3 23 25 11 
 3 24 37 26 
 3 25 27 13 
 3 26 38 28 
 3 27 41 29 
 3 28 30 14 
 3 29 31 16 
 3 30 41 32 
 3 31 33 18 
 3 32 40 34 
 3 33 35 20 
 3 34 39 36 
 3 35 37 22 
 3 36 38 25 
 3 37 39 27 
 3 38 35 40 
 3 39 33 41 
 3 40 31 28 

42
 3  4  7  1 
 3  0 10  2 
 3  1 12  3 
 3  2 15  4 
 3  3  5  0 
 3  4 17  6 
 3  5 19  7 
 3  6  8  0 
 3  7 21  9 
 3  8 23 10 
 3  9 11  1 
 3 10 25 12 
 3 11 13  2 
 3 12 26 14 
 3 13 28 15 
 3 14 16  3 
 3 15 30 17 
 3 16 18  5 
 3 17 32 19 
 3 18 20  6 
 3 19 33 21 
 3 20 22  8 
 3 21 35 23 
 3 22 24  9 
 3 23 37 25 
 3 24 26 11 
 3 25 27 13 
 3 26 38 28 
 3 27 29 14 
 3 28 39 30 
 3 29 31 16 
 3 30 41 32 
 3 31 33 18 
 3 32 34 20 
 3 33 41 35 
 3 34 36 22 
 3 35 40 37 
 3 36 38 24 
 3 37 39 27 
 3 38 40 29 
 3 39 36 41 
 3 40 34 31 

42
 3  4  7  1 
 3  0 10  2 
 3  1 12  3 
 3  2 15  4 
 3  3  5  0 
 3  4 17  6 
 3  5 19  7 
 3  6  8  0 
 3  7 21  9 
 3  8 23 10 
 3  9 11  1 
 3 10 25 12 
 3 11 13  2 
 3 12 26 14 
 3 13 28 15 
 3 14 16  3 
 3 15 30 17 
 3 16 18  5 
 3 17 32 19 
 3 18 20  6 
 3 19 34 21 
 3 20 22  8 
 3 21 35 23 
 3 22 24  9 
 3 23 37 25 
 3 24 26 11 
 3 25 27 13 
 3 26 38 28 
 3 27 29 14 
 3 28 39 30 
 3 29 31 16 
 3 30 40 32 
 3 31 33 18 
 3 32 41 34 
 3 33 35 20 
 3 34 36 22 
 3 35 41 37 
 3 36 38 24 
 3 37 39 27 
 3 38 40 29 
 3 39 41 31 
 3 40 36 33 

42
 3  4  7  1 
 3  0 10  2 
 3  1 12  3 
 3  2 15  4 
 3  3  5  0 
 3  4 17  6 
 3  5 19  7 
 3  6  8  0 
 3  7 21  9 
 3  8 23 10 
 3  9 11  1 
 3 10 25 12 
 3 11 13  2 
 3 12 26 14 
 3 13 29 15 
 3 14 16  3 
 3 15 30 17 
 3 16 18  5 
 3 17 32 19 
 3 18 20  6 
 3 19 34 21 
 3 20 22  8 
 3 21 35 23 
 3 22 24  9 
 3 23 37 25 
 3 24 26 11 
 3 25 27 13 
 3 26 38 28 
 3 27 40 29 
 3 28 30 14 
 3 29 31 16 
 3 30 40 32 
 3 31 33 18 
 3 32 41 34 
 3 33 35 20 
 3 34 36 22 
 3 35 41 37 
 3 36 38 24 
 3 37 39 27 
 3 38 41 40 
 3 39 31 28 
 3 39 36 33 

42
 3  4  7  1 
 3  0 10  2 
 3  1 12  3 
 3  2 15  4 
 3  3  5  0 
 3  4 17  6 
 3  5 19  7 
 3  6  8  0 
 3  7 21  9 
 3  8 23 10 
 3  9 11  1 
 3 10 25 12 
 3 11 13  2 
 3 12 27 14 
 3 13 29 15 
 3 14 16  3 
 3 15 30 17 
 3 16 18  5 
 3 17 32 19 
 3 18 20  6 
 3 19 34 21 
 3 20 22  8 
 3 21 35 23 
 3 22 24  9 
 3 23 37 25 
 3 24 26 11 
 3 25 38 27 
 3 26 28 13 
 3 27 39 29 
 3 28 30 14 
 3 29 31 16 
 3 30 40 32 
 3 31 33 18 
 3 32 41 34 
 3 33 35 20 
 3 34 36 22 
 3 35 41 37 
 3 36 38 24 
 3 37 39 26 
 3 38 40 28 
 3 39 41 31 
 3 40 36 33 

